L: 1.0
N: 50
alpha: 1.0
beta: 1.0
chi: 0.2
g: 9.82
gamma: 1.0
gbar: 1.0
h: 0.001
k: 1.0
m: 1
no_of_runs: 1
omega0: 10E5
omegam: 10E3
set_mirror_deco: false
steps: 400
time: 25.12
tolerance: 0.999
xi: 1.0

Entropy:
[2.731592729787735e-12, 0.007801677587662925, 0.02988186407948934, 0.06301001025199993, 0.10325586444828305, 0.1470392016712755, 0.19162327983149496, 0.23516960179387159, 0.2765788491487128, 0.31528251941691243, 0.35106090161390835, 0.3839075360447616, 0.4139363815958236, 0.4413212800077563, 0.4662578546804912, 0.48894061244847054, 0.5095505031798448, 0.5282497793295322, 0.5451817592563858, 0.5604734621233514, 0.5742394230820198, 0.5865854520206262, 0.5976116130130893, 0.6074141590500042, 0.6160864863696915, 0.6237193350526009, 0.6304005278518543, 0.6362145172824822, 0.6412418748058604, 0.6455588673707918, 0.6492372363677267, 0.6523440713857189, 0.6549416953648501, 0.6570876643208762, 0.6588349034220233, 0.6602318494988569, 0.6613225109544745, 0.6621465000617289, 0.6627391053595499, 0.6631313981204505, 0.6633505392886441, 0.6634204097919054, 0.6633622614765335, 0.6631950952477182, 0.6629358018590294, 0.662599113362392, 0.6621975234922473, 0.6617416425086333, 0.6612410299150393, 0.6607046742712127, 0.6601405194386805, 0.6595545977933241, 0.6589506294629146, 0.6583300888713989, 0.6576921415342387, 0.6570332627965607, 0.6563469765704688, 0.655624066834953, 0.6548530295022061, 0.6540202732230556, 0.6531099174012867, 0.652103558791679, 0.6509804425876593, 0.6497179457880433, 0.648291743170119, 0.6466751379787079, 0.6448377898277016, 0.6427446394818046, 0.6403556418352965, 0.6376262610885948, 0.6345081165155092, 0.6309491962107219, 0.6268936343841132, 0.6222815151105162, 0.6170491348446507, 0.6111298127473965, 0.6044550067625045, 0.5969553589735823, 0.5885614384443528, 0.5792042035897276, 0.5688152008144942, 0.5573263458251607, 0.5446691763735096, 0.5307736521333326, 0.5155667587581125, 0.49897148038677996, 0.4809071040451639, 0.46129210930875464, 0.44005109215101956, 0.41712739019714107, 0.39250347134514096, 0.3662319021606639, 0.33848047759976374, 0.3095944814107148, 0.28017493731243737, 0.25116137019726537, 0.22388832116424262, 0.20005980268144452, 0.1815774094858038, 0.17020102733497677, 0.1671199648179127, 0.1726082276359071, 0.18593915194333788, 0.20560805446798458, 0.22974394987044733, 0.2565159628826619, 0.28439664877985904, 0.3122559865865858, 0.339336401572214, 0.3651754072723722, 0.389522201272416, 0.4122682382114815, 0.43339534110952227, 0.4529387900400764, 0.4709618429812421, 0.487538953723471, 0.5027458187819986, 0.5166545050212014, 0.5293318787042256, 0.540839925822437, 0.5512370173542468, 0.5605794539271101, 0.5689228047233322, 0.5763227978321173, 0.5828357973167365, 0.5885190406660561, 0.5934307533936467, 0.5976301294239903, 0.6011770988298073, 0.6041318264884808, 0.6065539601209449, 0.6085017380432409, 0.6100311113955931, 0.6111949715021334, 0.6120424736877328, 0.6126184421045654, 0.6129629100928266, 0.6131108890170778, 0.6130924185224385, 0.6129328980686825, 0.6126536876462965, 0.6122729400162137, 0.6118065596318872, 0.6112691535759224, 0.6106748799145163, 0.6100381257216645, 0.6093738865419045, 0.6086976246226087, 0.6080244277352937, 0.6073675631009915, 0.6067368302965581, 0.6061372111502448, 0.6055681801527873, 0.605023827716141, 0.6044937521286509, 0.6039644821262307, 0.6034210354661138, 0.6028481997001078, 0.6022312628550681, 0.6015561297535441, 0.6008089292435166, 0.5999753150563807, 0.5990396665505278, 0.5979843175037052, 0.5967888727876182, 0.5954296558939293, 0.5938793186665774, 0.5921066265299355, 0.5900764353432206, 0.5877498762313353, 0.5850847292951483, 0.5820359346983063, 0.5785562066454335, 0.5745967498422642, 0.5701080541422894, 0.5650406649046756, 0.5593458047544018, 0.5529758175282755, 0.5458845186206642, 0.5380275302884143, 0.5293625598880205, 0.5198494792021868, 0.5094500894797982, 0.49812762662631815, 0.4858463610719588, 0.47257195776170324, 0.45827327027997855, 0.4429259065006229, 0.4265180753720964, 0.4090605200220353, 0.3906029096409128, 0.3712569979874374, 0.3512249246896524, 0.3308320339598194, 0.3105633008504395, 0.29109589340666464, 0.2733090993159202, 0.2582424182732077, 0.24697488686577795, 0.240429296892958, 0.23915776783646703, 0.24319918504004545, 0.2520755500620603, 0.2649240010671352, 0.28069821059898314, 0.2983593959407127, 0.3170065021897195, 0.3359340060641942, 0.35463287825874346, 0.3727605099887875, 0.39010161748084327, 0.40653222693542546, 0.4219906181960452, 0.4364552493141425, 0.449928757416282, 0.4624270718713306, 0.47397260035227406, 0.4845904135968011, 0.49430651006542947, 0.5031474195974855, 0.5111405191808698, 0.5183146080397378, 0.5247005124995965, 0.5303316337340387, 0.535244393055504, 0.5394785356435048, 0.5430772522915732, 0.5460870646554112, 0.5485574051481761, 0.5505398403532741, 0.5520869585965253, 0.5532510330923253, 0.5540826180547713, 0.5546292292031301, 0.5549342387057282, 0.5550360952062914, 0.5549679422870277, 0.5547576315042115, 0.5544280503538757, 0.5539976790696877, 0.5534813431076534, 0.5528911725290955, 0.5522377725591957, 0.5515315467429251, 0.5507840097984767, 0.550008806142132, 0.5492220593326917, 0.548441710392931, 0.5476857428253901, 0.5469695985374599, 0.5463034778357083, 0.5456903731054068, 0.5451255010878963, 0.5445973280795127, 0.5440898200305303, 0.5435851565735539, 0.5430660951345729, 0.5425174286257206, 0.5419263824992304, 0.5412821472669849, 0.5405749038525993, 0.5397946717075512, 0.5389301948819254, 0.5379679754944064, 0.536891504506933, 0.5356807130932524, 0.5343116555082088, 0.5327564312249353, 0.530983351848515, 0.5289573484070028, 0.5266405994115815, 0.5239933418931271, 0.5209748029830286, 0.5175441637880831, 0.5136614572276577, 0.5092883210072042, 0.504388569549283, 0.49892859111816024, 0.4928775989927502, 0.48620776279340816, 0.4788942327622744, 0.47091508212912125, 0.46225125156358526, 0.4528866428502085, 0.44280852508606505, 0.4320084467164943, 0.4204840090481171, 0.40824210376472336, 0.3953043267320867, 0.3817151640303935, 0.36755332606988167, 0.3529463262556559, 0.33808786856818773, 0.32325646511063544, 0.30883171479425375, 0.2953017582171885, 0.2832519541292291, 0.2733233114598894, 0.266134694394246, 0.2621781899485145, 0.2617165644464653, 0.2647216979197452, 0.2708815879548305, 0.2796735995140065, 0.2904722236937852, 0.30265097059312707, 0.315652233919702, 0.3290202304388683, 0.3424056828414478, 0.35555434808516273, 0.3682892196365425, 0.38049234188573566, 0.3920888894026813, 0.4030342448761821, 0.413304031192947, 0.42288683214828837, 0.4317792592530809, 0.439982949766327, 0.44750301326834674, 0.45434742806703143, 0.4605269687615787, 0.4660554045273817, 0.47094985091664954, 0.47523121403744517, 0.47892464913630717, 0.4820599176821363, 0.4846715054502152, 0.486798377590303, 0.4884832986753481, 0.4897717239559708, 0.49071035078430114, 0.49134548685987667, 0.491721431672812, 0.49187907013220733, 0.4918548373288675, 0.4916801355545528, 0.4913811912491911, 0.490979265496021, 0.4904911076529711, 0.4899295748352215, 0.48930440848015877, 0.4886232208746586, 0.48789275025979395, 0.48712035643541896, 0.48631555067896737, 0.4854911455164471, 0.48466349412147436, 0.4838513989564005, 0.48307365193772567, 0.48234571599239495, 0.4816765243231089, 0.4810664877387013, 0.4805074364459947, 0.4799845144050251, 0.47947932841651963, 0.47897327070130624, 0.47845002910312096, 0.47789676178727636, 0.47730396857748236, 0.47666447615130814, 0.47597205649643193, 0.4752200765165475, 0.4744003754223791, 0.47350240601880966, 0.4725126020101318, 0.4714139328007604, 0.4701856418256075, 0.46880319914998125, 0.4672385127937977, 0.4654604277543096, 0.4634354998899636, 0.4611289783401329, 0.45850588718419394, 0.4555320817821936, 0.45217516983112405, 0.44840522284187634, 0.44419525044657093, 0.4395214574585089, 0.43436333878725253, 0.42870368034049733, 0.4225285305175833, 0.41582720516814775, 0.4085924015808228, 0.40082052187224737, 0.3925123318341335, 0.38367410660193146, 0.3743194693803641, 0.3644722347566587, 0.35417064447677415, 0.3434732902655998, 0.33246673593568743, 0.32127450394400137, 0.3100667196532547, 0.2990690977095749, 0.2885687945344282, 0.2789129348798455, 0.2704941368228544, 0.26371800185242256, 0.2589524994943456, 0.25646825324560774]
