0.
4.1105646171334844e-7
0.000020563903871974147
0.0001640369553937962
0.0006149144564764756
0.0015358587452074868
0.0029734430549647655
0.0048425002198873605
0.007123652261860928
0.010431281357255212
0.01644884592698756
0.027241801750231838
0.04611974597851305
0.07418261367974974
0.10142917767770378
0.11539268461651767
0.0966730145496584
0.05790299109660231
0.05311172693548339
0.08943250623578286
0.08416803943705309
0.021640400769863878
0.05532714873503054
0.1355367730949315
0.05503238749579862
0.04046974826131076
0.15225049534579915
0.09164087948322337
0.23027266795363577
0.265527699676441
0.13472999146189935
0.8290498608775803
0.810511646639111
0.15668356473103662
0.5782632129524886
0.4728956140140895
0.3307723298393608
0.6121599779073986
0.1380882505940934
0.553160748528181
1.2731845223438418
0.5153576756335475
0.5255862899563044
2.179433057693898
2.750945641833097
2.299198214007537
4.187838030934009
9.7647047734634
16.28622814252857
20.92040282724777
22.96431978277126
23.194064819231862
23.070535008768275
24.481372149703002
29.865741336497784
42.212764329081374
64.54229118709748
100.46616190854976
155.56510363130772
236.5475561766101
347.29374813065095
479.1997058080029
594.3779602895003
630.2106640614516
561.4424810165368
434.5119063220417
307.8651758947662
207.63219491379164
136.43259975917158
88.70776928393168
57.89163574696208
39.226974242469424
29.67067533605745
26.347123341024414
26.477760131590117
27.754723773084443
28.14924177878588
25.835454200801852
19.772540057468014
11.275888010972647
4.9458907478465886
4.086887676846192
5.1967425178451165
3.2975926662562345
0.5933413132975677
2.1508500710732603
3.3072431499641066
0.7708114710244475
1.1127095263311042
2.3973812093033886
1.2506064780836255
3.325825483541376
2.4559057930649417
2.0106880511431724
8.580325215868777
5.695040856574864
1.3044333804059647
4.668190734908821
2.6922904221629027
2.5606726917592635
3.504878647999175
0.5586666735779606
4.096387647910143
6.611315630717446
1.9239387303288855
3.7419363751708468
11.659968844016255
12.585686440301037
10.83222667544241
22.03836489630835
48.0052685863846
74.68423303170415
91.4709884556902
97.27963579745219
96.43652497971442
95.49230062732332
102.48440341278489
127.60994094842061
182.8779713445664
280.1858687789378
434.89802034157583
670.5825652673458
1013.6666706213181
1474.9978483956604
2005.5403912523473
2430.2281146291257