1.0097901640776514
0.9341616090898164
0.6415828425814234
0.27865604392054044
0.03974902979686297
0.05996229458412874
0.32896029154239403
0.6974119007717338
0.971198648236471
1.0163656088851372
0.8190608003911646
0.48728991795869125
0.19830138585247897
0.1050641682489192
0.24788316682963113
0.5336162570505394
0.7981439646117273
0.9027116499529637
0.8017929841898834
0.5619818432584847
0.31956980035705473
0.2055217303933105
0.27065555038352757
0.4608414876416035
0.6567495197932924
0.7467034961632939
0.6867792701027173
0.5195121668856312
0.3454018893193821
0.2625077823913711
0.30890258108501595
0.44425312191327293
0.5798157705348497
0.6334943881943896
0.5761128946844712
0.445382463183021
0.3212899669078699
0.27649757051370255
0.3322109954079151
0.44792410635769475
0.5491502278383011
0.5727681590423399
0.5026993613778087
0.3825387234197942
0.2836244765218113
0.2673665542000849
0.34351332827808234
0.4656431225820481
0.5600679066858599
0.5686443197930695
0.48187417598585885
0.34645256928988255
0.24148617307037828
0.23270020963601235
0.33142123382905664
0.48633401656962455
0.6127327176294713
0.6387146052272363
0.5437853395147617
0.3715859872530633
0.21307001146744847
0.15988537758190813
0.25176063575115537
0.4507879515841446
0.6606892482704131
0.776756881296721
0.7367136463992585
0.5508410129592514
0.30301901383136276
0.11558682888575433
0.09174179287606136
0.25790539733827905
0.5461602966974356
0.8291869650859095
0.9806491945510152
0.9300985095660664
0.6921095032680304
0.364725737959968
0.09547334422617855
0.013700818200463682
0.17305909117195561
0.5143500818951215
0.8988714698604365
1.1723563848189895
1.2273984259392805
1.041257069464472
0.6844140693625581
0.2996230991679365
0.050496062391019836
0.05217485858214408
0.31572097182376
0.7429174406987763
1.1735629019573084
1.4534782423026946
1.4885081131785405
1.2717781666584804
0.8850048984411575
0.4749501776418998
0.20374410406312166
0.18666766858619968
0.4403992726846802
0.8774429872848378
1.3470723573862253
1.6965868240827173
1.8218467254492867
1.6943212418641804
1.3662497390147077
0.9565796398529347
0.6171992436890662
0.4803528763108269
0.6099152696446489
0.9725010286308343
1.455056707985956
1.9119748108592693
2.2163419696499727
2.294520048425999
2.140350773565207
1.8139291344895878
1.4279032037679662
1.1199200127660645
1.0116801180312993
1.1651834073163545
1.556711173374508
2.085043277968354
2.6105211845090985
3.0033764421033657
3.179615854229134
3.1164228556707405
2.8511640142287615
2.470934804759244
2.0957941462983154
1.854679523514772
1.8534792018483377
2.1412434096412003
2.6883107842175074
3.390026887101997
4.097687819038676
4.6631063299875155
4.977933692666288
4.996004534967197
4.737715359135682
4.281604637125479
3.748638432089027
3.2821326122243084
3.0238932889131735
3.0870137557800477
3.528613359057614
4.330117524619817
5.394350029479348
6.563975689601481
7.656429123536347
8.503080497723191
8.980770947821698
9.029884705981221
8.659633700241985
7.944171559376775
7.012725452644978
6.035117118783856
5.202409186039121
4.702508528165911
4.691475696690741
5.264789222511786
6.435164248409796
8.124575205426625
10.175046414716025
12.376016046113062
14.499861430873134
16.335236389876076
17.71102678749375
18.50901445506912
18.6679010815957
18.182168517619324
17.09958850078338
15.518743272448484
13.586458798045353
11.4937162213437
9.467423259017098
7.755513964631971
6.603911799863766
6.22648424454354
6.772750196023399
8.301291024131983
10.767362445386208
14.029700397915672
17.875006655655742
22.052487921573114
26.308443634832116
30.41298088836915
34.175449449774746
37.44937359854016
40.13002690784897
42.14800218365104
43.46208954203941
44.05211560648694
43.91451838129308
43.05917256728625
41.50862318634329
39.29920619742568
36.483875692909876
33.13638607075791
29.356286084250833
25.27387631323053
21.05386825420511
16.89604938503777
13.03095186705112
9.70889192564669
7.181503778882168
5.677231759648858
5.374523803559923
6.378550956743777
8.707573883997648
12.292811339580965
16.991754711899265
22.610964066993667
28.932298779079954
35.73687725663311
42.82311412613045
50.01765940072033
57.17995599089723
64.2020792498812
71.00567254253596
77.53748735564302
83.76457944842836
89.66978782943143
95.24780284655596
100.50192233681828
105.44147540709038
110.07983715739152
114.43293709381217
118.5181651298902
122.3535892123051
125.9574121728976
129.3476093281962
132.54170024950906
135.55661882043023
138.40865386693258
141.11343936162365
143.68597836298727
146.1406888720088
148.49146283840082
150.75173190438596
152.93453525552934
155.05258630515388
157.11833596764438
159.14403105369198
161.14176690619342
163.12353383314013
165.10125721672821
167.08683141153764
169.09214770740877
171.1291167395403
173.20968576411502
175.34585142145875
177.54966806812521
179.83325262133263
182.2087859204497
184.68851107950823
187.284729051736
190.00979156926186
192.87609153298024
195.89605083788913
199.0821055297939
202.44668810310816
206.00220666701327
209.7610206305202
213.73541248561762
217.93755520190575
222.3794746853627
227.07300669691156
232.02974757141152
237.2609980328367
242.7776993286769
248.59036089069247
254.708978646858
261.1429430832198
267.90093610629805
274.9908158541328
282.4194876850919
290.1927624577195
298.31519821019964
306.78992678438675
315.61846372180344
324.8005011916449
334.3336839555567
344.2133680937176
354.4323654977735
364.9806724419705
375.84518833770665
387.0094263696502
398.4532217690363
410.1524441536043
422.0787220717688
434.19918959151335
446.47626649952497
458.86748531497744
471.3253797819984
483.79745047858245
496.2262238379445
508.54942050194694
520.7002478709464
532.6078294643075
544.1977803195911
555.3929330750769
566.1142142369415
576.2816597161811
585.8155620242981
594.6377205119614
602.6727627358163
609.8495115825814
616.1023478951632
621.3725285867808
625.609414337123
628.7715627694903
630.8276463305168
631.7571573584789
631.5508889616806
630.2111338078246
627.7516313228481
624.1972690244596
619.5835047252574
613.955576000844
607.367509085858
599.8809677550228
591.5639852326482
582.4896194264986
572.7345880800701
562.3779110509679
551.499610520169
540.1795003630489
528.496085010492
516.5255973038453
504.3411797204031
492.01221713320615
479.6038193031677
467.1764465410631
454.78566784134966
442.48203785452057
430.3110772366218
418.31334023346733
406.52455327960115
394.97580929062326
383.69380346228945
372.7010979529506
362.0164045141413
351.6548758656995
341.6283983963142
331.94587948964175
322.6135271328587
313.6351147861209
305.012232929294
296.744523611271
288.82989805836274
281.2647370152514
274.0440739188017
267.1617622286491
260.6106258087029
254.38259551672053
248.46883137670198
242.85983190496347
237.54553149420377
232.5153868251698
227.7584532457205
223.2634520063969
219.01882921137036
215.01280726335725
211.2334295613519
207.66859913843206
204.3061118807522
201.13368491241124
198.13898067264503
195.30962714854883
192.63323465827375
190.09740950518238
187.689764742872
185.39792820500634
183.2095478630822
181.11229448174902
179.09386144678783
177.14196154811393
175.24432043812396
173.3886662239349
171.5627151296225
169.7541522008999
167.9506069050376
166.13962292439786
164.30862165111785
162.44485893113583
160.5353747234998
158.56693552308664
156.52596965958276
154.39849595617483
152.17004673971448
149.82558688195547
147.34943147481988
144.72516597594984
141.93557429633736
138.9625824894473
135.78722855300825
132.38967265021716
128.74926708703788
124.84471156192294
120.65432792419921
116.1564986676075
111.33032650440612
106.15658743017133
100.61906639412592
94.70638081137501
88.41440793973864
81.74943004037766
74.73207980526468
67.40208827371495
59.823676722079796
52.09115955154435
44.333918363795945
36.7193906867768
29.45220755496375
22.767366293886578
16.91571865194645
12.141450678574031
8.65365954508325
6.596955334785886
6.027913561822847
6.903800060898392
9.086887190719008
12.363043025743128
16.469304071186652
21.12343690471006
26.049530784228274
30.99627487842524
35.747017205364784
40.12299179546834
43.98164051398428
47.212182732723434
49.73017485179999
51.47233274902776
52.39247996023764
52.459200715004904
51.655608514724584
49.98153487642714
47.45830821790128
44.13611445345423
40.10322164619005
35.49579057460019
30.50558818839311
25.38153345306079
20.420607465406693
15.944586988080589
12.262832761897048
9.627117957500591
8.189731460682323
7.977277817773373
8.887998584700426
10.712141946712046
13.167515112486784
15.939442780306813
18.716200375152866
21.215325484604318
23.200450987140304
24.491018435569096
24.96810162571174
24.57940368898399
23.344537457343083
21.360254492219113
18.802254424161397
15.918386946609056
13.007779664051142
10.38370188672497
8.324767154702693
7.026351298167201
6.566801479396451
6.898287885636021
7.862804467117645
9.225424655648021
10.714394391454567
12.060098899996618
13.02827953852977
13.447186330219292
13.228822818144256
12.383751312387412
11.026004895379256
9.362108537695745
7.658779677160704
6.190432480437783
5.17839732586734
4.741838467588384
4.877068002222665
5.4688362273362285
6.323975806559285
7.213511079473734
7.913897861109059
8.244093680420402
8.09802521605158
7.470097206859552
6.466692655724611
5.292860442398643
4.206543099798938
3.4464949583110474
3.158952767289008
3.355488633335864
3.9190843818146286
4.64863409078014
5.317015896342927
5.723002144070574
5.7310323818164175
5.300743547235825
4.505309727854255
3.5287344533907627
2.6276546837428922
2.0542558110639235
1.964005319128232
2.3536753370020147
3.064018895600213
3.841711719527747
4.424204978205509
4.613020900943226
4.32202730288873
3.6015713881028155
2.6371744141161804
1.7117088550863562
1.1217336146340384
1.0652056558608072
1.553088652042288
2.3988220867511396
3.2922979451576095
3.914025665651897
4.037532837274216
3.5944849381762953
2.6990449752533276
1.6281537505885435
0.7464227643264774
0.3764528633533861
0.6585572735036835
1.4790785952391312
2.5165693724307956
3.375964024883131
3.7354207633337837
3.4509401668863964
2.602869893644667
1.4815479805188
0.502240285901551
0.05054529667395956
0.30732782024682753
1.1557341823493177
2.2348188802451396
3.1041643025714394
3.421827332142441
3.0637595524523786
2.165078830891781
1.0803457507166119
0.2574905979366753
0.045895144746148746
0.523737224028456
1.4560059958178604
2.4164198014847402
2.9904133894103975
2.946048280901591
2.316705218287206
1.3856938796447131
0.5743060437473307
0.2538553786326444
0.558531530760976
1.314576023525549
2.1397059782600722
2.643709325550516
2.609163072139096
2.0775634113925534
1.324120814550282
0.7306695740687312
0.5957129743829246
0.972788199978571
1.6431197453204387
2.2463085721058875
2.479313373445767
2.24610663233169
1.6957255231890735
1.14326349177204
0.9041851933197449
1.1159038997781927
1.6543216933631602
2.2100757979624515
2.4753908378266103
2.318875670150471
1.8533641290438738
1.3723497970740475
1.186025077705586
1.4350550867266907
1.9940934937747534
2.5415668148829944
2.7579369596387244
2.5223098790017975
1.9897090383468408
1.5097652604421319
1.4254145679797852
1.8549906809560217
2.595171414012791
3.2275632176576865
3.3725801004452944
2.929924675728239
2.161478422136697
1.5646115618677252
1.5869619697420367
2.332501464774907
3.454020974626513
4.331189260037141
4.434427610870865
3.6530874523153942
2.403852216754525
1.446286807505829
1.4617732428886017
2.6114712613889313
4.375137642722257
5.815356430963005
6.102740373362805
4.9896557276055535
3.0019631457200275
1.2406388797336407
0.8102826193779257
2.134837656210275
4.6331396248987335
7.027025529625556
8.049038543316112
7.096700559954391
4.560482248180491
1.7223404898196266
0.16500666968860087
0.8576293831697899
3.505596556884043
6.719732938362118
8.849068694979625