0.
4.109529019446461e-7
0.00002047676193570316
0.0001606578485601415
0.0005767825811661357
0.0013043626628603002
0.002009193156821428
0.0018638878459355701
0.0007390815621336904
0.0012621072839157149
0.00691985557021937
0.016889429867887083
0.029624066334134634
0.0420628329943353
0.050916784773347254
0.054143059811199226
0.05252811058483512
0.04932534601409247
0.048662050338751456
0.05566256126950076
0.07213102725885338
0.09615841200044173
0.12072193071102603
0.1348982937255308
0.12902812849612683
0.10348560037603645
0.07658788619494106
0.08476012851679633
0.1709947460558161
0.36454801729108
0.6521849933080979
0.9403614765821947
1.044044419334301
0.89795357746061
0.6264738123916898
0.3746165886573867
0.25728755566038486
0.3387408400792244
0.6037744454346111
0.9634981384811288
1.298671101641816
1.5191181405797347
1.6088856930983337
1.6422496777761095
1.7767654255061571
2.232969378979792
3.258042020583356
5.054282960698271
7.649153538368551
10.72979784623621
13.554934477576747
15.02687429287085
13.882591537349352
9.369541520777833
3.6409907680125886
5.898166190617785
28.243933262620757
71.4001157272067
135.2554867161306
224.59183160171662
341.98830116058707
477.85663486150213
594.303369532462
630.2105298197804
561.1726312293887
432.1652472984185
300.56159503404825
192.88302416618296
112.81682934516044
56.088572948570246
18.913378041733246
3.5599488677708164
5.748360355079079
12.490310849732353
16.81234710844012
17.629966718736288
15.85671007110207
12.718240331696906
9.323269491722145
6.465029792231066
4.540841859454825
3.489238246220472
3.1948782000572136
3.337533516472808
3.591983710743031
3.6605505461903856
3.3471361208144605
2.642849079556999
1.7768082528884184
1.1711901734921522
1.2873666116709084
2.4176750089321724
4.517444109491626
7.096115948706039
8.967527536140455
8.75655276791946
6.715635476667115
4.233342242312572
2.3501700154855896
1.6571218107079955
2.278814853072991
3.8525661451457878
5.711896212271382
7.198712748118736
7.953082667336237
8.052245442043269
7.991765270043889
8.584982688150298
10.831957050935225
15.734138608315774
23.96118630956003
35.291886566736416
47.999083048672055
58.67656829104591
62.69326417670916
55.11736204048201
34.1836215129263
12.557725135287
32.60974231434643
137.64120265602594
323.8682005270074
595.0205290944048
970.8705771305588
1457.2539354049582
2001.679571609513
2430.103767379212