1.0124241526467073
1.0059698361706015
0.9439259520270555
0.8329071669418833
0.685584567507564
0.5194847672627252
0.3550309107461648
0.2129402681155516
0.11129382412546306
0.06278153884493337
0.07269952935074242
0.13816079704707243
0.24869617064479627
0.38807628145111556
0.5369188111554317
0.6755459527988849
0.7866202033309431
0.8572384723127235
0.8803194625922293
0.855683629505609
0.7876134101834129
0.6885347312744279
0.572852156580157
0.45711367545556625
0.3571435477077699
0.2857128212364338
0.2506949124538291
0.2540482676696536
0.2918020181026372
0.35500409035886227
0.43139942675760007
0.5074960576026916
0.5706626755975738
0.6083051264772396
0.6224703194582566
0.604048192291035
0.559327066118621
0.49607489002566985
0.42491106241480264
0.35756792847745067
0.3049547977500413
0.2753514447374944
0.27305969283534465
0.2977586087878767
0.34466084306094363
0.40601104268713173
0.46945591259145564
0.5258282675233821
0.5647329186406014
0.5790605487882581
0.5654564837193682
0.5248961517335267
0.4626811595298865
0.38782115410170753
0.31183032270837313
0.24705729683064725
0.2047732430712949
0.1934199141961636
0.21672592357436427
0.2738598479325171
0.3586044798853511
0.46066473933378016
0.5670278854031336
0.663735026941357
0.737699847045154
0.7783525430306995
0.7789581752394962
0.7375164344353137
0.6571825193244185
0.5460852272058561
0.4169190123665587
0.2854562390359249
0.16862650627433096
0.082718594245306
0.04110525417536114
0.05222405603550517
0.11835032879194762
0.23512265868200372
0.39207663759250155
0.5740851036540057
0.7632264435488454
0.9408375378125055
1.0894297174587526
1.1944993111369708
1.2457959290723912
1.2382006863195376
1.172182994324963
1.0538419318227028
0.8945225000740303
0.7099843653373891
0.5191681198636322
0.34223418803486094
0.19885052944398254
0.10596857456000361
0.07564003102801839
0.11374661727263644
0.21924822152101536
0.38437113142539603
0.5956328564033452
0.8353546836775709
1.084174580230855
1.3223835256661571
1.531633007977057
1.6970919357706773
1.807875536923858
1.8578107156260197
1.845719542424078
1.7754089829551845
1.6553915161136064
1.498339314779462
1.3202597406909826
1.1393838550815016
0.9747864013948693
0.8448032263547938
0.7653732622656958
0.7484869296851673
0.8009508067569661
0.9236623780923725
1.1115186455633896
1.35398103378685
1.6362033895967993
1.9405398398376519
2.248209204015189
2.5409008260151036
2.8021593459172185
3.0184543099603705
3.1799080751423467
3.2807050274141236
3.319232554739998
3.2980110990385767
3.223462757490444
3.105552080240492
2.957314985312336
2.7942768619650944
2.6337524380034814
2.494020569078846
2.393376560818282
2.3490852550004035
2.3762839898195414
2.4869109560902336
2.6887581795741227
2.9847545435188017
3.3725749752636025
3.8446313459403276
4.388477633875592
4.987568011347916
5.6223000587286105
6.2712141023192975
6.91224113422857
7.523868216039593
8.086152993893627
8.581533836704637
8.995422166520362
9.316589284130956
9.537377022126588
9.653769354990217
9.665361992100372
9.575261863064046
9.362168337364945
9.119054840602734
8.775245432725635
8.373904314979567
7.932911878832586
7.472327986181403
7.014026154620673
6.581258961297166
6.198146327591058
5.889084228876963
5.678079614598395
5.588027385767698
5.639956187730318
5.852280120724966
6.240101511061819
6.814613827506836
7.582652209451263
8.546431190846308
9.703495436004332
11.046891211603278
12.565546435151097
14.244828465104243
16.067234128742065
18.01315797770541
20.061682508652687
22.191339544417737
24.38080021629044
26.609464376943144
28.857932172393163
31.108353784572646
33.344661749484544
35.55269825352903
37.72025354202818
39.837033427496564
41.89457369272155
43.88611769101976
45.80647118954589
47.65184592671136
49.41970078460018
51.10858711917462
52.71800275707261
54.24825749926937
55.70035167060982
57.0758682190186
58.376878305317874
59.605859606484174
60.765626584305004
61.859271315944234
62.89011406044509
63.86166213574925
64.77757607354457
65.64164198311286
66.45774916290556
67.22987209824093
67.96205608459692
68.65840581437156
69.32307635814978
69.96026605799648
70.57421092943369
71.16918024023974
71.74947299825713
72.31941513722784
72.88335723969136
73.44567267965358
74.0107561054387
74.58302221528216
75.16690480526248
75.76685609130533
76.38734632471113
77.0328637340918
77.7079148361847
78.41702516391177
79.16474046265047
79.95562840524835
80.79428087322228
81.68531684608135
82.63338593329317
83.64317257424756
84.719400920981
85.86684040662405
87.09031198954554
88.39469504902345
89.78493489281927
91.26605081956151
92.84314466426315
94.52140972352947
96.30613995415547
98.20273929696096
100.21673096476846
102.35376650575915
104.61963443082198
107.02026817237913
109.56175312426407
112.25033253176855
115.0924117591295
118.09456116014937
121.2635166094224
124.60617790888777
128.12960479998424
131.84100991971346
135.74774912587412
139.85730852787896
144.17728825016147
148.71538274623433
153.4793575219042
158.47702212494704
163.71619924578872
169.20468974791484
174.95023340694814
180.96046508373254
187.2428659898209
193.80470962538215
200.6530018819642
207.79441470908273
215.23521264817555
222.98117150996265
231.03748790722938
239.40867979620026
248.09847549018863
257.10969134725497
266.4440966457548
276.1022647825845
286.08341002050145
296.3852091742886
307.00360792942996
317.9326118696069
329.1640627948077
340.68740154581144
352.48941932645704
364.554000440104
376.8618604378465
389.39028488488776
402.11287531812764
414.99931038454105
428.01513163455934
441.1215648705977
454.27538928280575
467.42886754013404
480.5297508237868
493.5213727074553
506.3428452937653
518.9293695435175
531.2126693687663
543.1215557110609
554.5826225240753
565.5210719804965
575.8616567454203
585.5297313005193
594.4523850578254
602.5596278831069
609.7856066401466
616.0698081271744
621.358214946567
625.6043757979006
628.7703537706867
630.8275192987361
631.7571569249191
631.5508798828338
630.2107982904909
627.7494731694402
624.1896616182444
619.563817396871
613.9134089517503
607.2880611295167
599.7445541232586
591.3457150960306
582.1592351985445
572.256461314384
561.7111831356043
550.5984649282384
538.9935387346877
526.9707956666991
514.6028857419552
501.959942401902
489.1089378348139
476.11317024699366
463.0318793838892
449.9199826539259
436.82792123642776
423.8016035146306
410.8824321731893
398.10740081350383
385.50924643053156
373.1166448116224
360.9544371070884
349.04387730486695
337.4028908378911
326.0463394047542
314.98628173476453
304.23222977868323
293.791394224165
283.6689176310031
273.86809338756643
264.3905695322577
255.23653706821784
246.4049028548948
237.8934475459848
229.69896916560123
221.81741327029476
214.24399093048612
206.9732846434407
199.9993444076839
193.3157740813671
186.91580927855406
180.79238760748967
174.93821201650977
169.34580791874217
164.0075746708024
158.9158318880728
154.06286099342603
149.44094232029522
145.04238802725715
140.85957103077683
136.8849501263276
133.11109144525753
129.5306863846724
126.13656614845718
122.92171308044873
119.87926875611797
117.00253951111671
114.28499892114931
111.7202881574165
109.30221375253984
107.02474375131482
104.88200200020928
102.86826104833668
100.97793389024666
99.20556480543809
97.54581953534485
95.99347502032423
94.54340889830189
93.19058894405669
91.93006260496
90.75694676638383
89.66641785506782
88.65370237717367
87.71406795342071
86.84281491184792
86.0352684732959
85.28677155329228
84.59267818995522
83.94834759507172
83.34913881398617
82.79040596967178
82.26749405742216
81.77573524946267
81.31044566363938
80.86692254780544
80.44044183181941
80.02625600272683
79.61959226612768
79.2156509682913
78.80960426981048
78.39659508286202
77.97173631102591
77.53011046364067
77.06676975649017
76.57673685787029
76.05500649462626
75.4965481972991
74.8963105380227
74.2492273000868
73.55022611484972
72.79424021056211
71.97622403887536
71.09117367707269
70.13415304917903
69.10032715678064
67.98500368696948
66.78368436479582
65.4921279998221
64.10642649437997
62.62309596940761
61.03918444357398
59.3523978191269
57.56124519313912
55.66520413592122
53.664905585784545
51.56233672011331
49.361058403121646
47.06643153940564
44.685843864547664
42.22892543014177
39.70773744024342
37.1369154524074
34.53374471405486
31.91814317966582
29.31252728885437
26.74153788893969
24.231608604664647
21.81036948410383
19.505890309154765
17.345784790354358
15.356214221360064
13.560845263622282
11.979828386716312
10.628870296471428
9.518470609441879
8.653382004141664
8.032334153717278
7.64803794546414
7.487461324428715
7.53234546472232
7.7599129094081665
8.143709686377264
8.654521566960632
9.261309623474494
9.932120209739574
10.63493728723621
11.338458278349687
12.012787243195842
12.630049022675447
13.164935323439579
13.595197575865667
13.902101968148598
14.070859295940469
14.091036238608575
13.956945506642372
13.668000305520525
13.229004420791602
12.650334292247729
11.947955967180196
11.143211091701081
10.262306121219153
9.3354522294756
8.395631538698213
7.477014930000705
6.613097560093299
5.83470663498438
5.1680438772870145
4.632975714668109
4.241757507104192
3.9983234408878197
3.8982133555996903
3.9291135379876785
4.071904317044655
4.3020930424003385
4.591458443846411
4.90976693876881
5.226449235850966
5.512167732829589
5.7402409612293015
5.887921029330349
5.937529717958073
5.877454173356273
5.7029828182748155
5.416930632558329
5.029966632251682
4.560524746647312
4.0341644976428235
3.4822652271206964
2.9399974261679107
2.4436219154324457
2.027308093116519
1.7198073258920614
1.5414185398951807
1.5016967157559673
1.5982743789203535
1.8169704962865385
2.133152436126853
2.5141077019514655
2.9220618110642285
3.317450291396684
3.6621084777512385
3.922145080525944
4.070373129195554
4.088252570474943
3.9673356100698203
3.7101970823044197
3.330788697047616
2.8540976619113003
2.3149481932466736
1.7557874725525808
1.223384122716044
0.7645444295315577
0.42120240689196364
0.22549855349480313
0.1956284343399892
0.3157141216436856
0.6227978615922173
1.0333674435663478
1.521973553097723
2.0384517434044356
2.5307195686617225
2.949897971691348
3.254779760331694
3.4153724277687
3.4154061204690924
3.2537748882629223
2.944876518286078
2.517768603378151
2.014018888804933
1.4841540053870341
0.9828559245221442
0.5624594021467916
0.26764433705516527
0.12851602519531585
0.1568908390770608
0.34442718057850047
0.6637776201194603
1.0724627555826913
1.5187220322529889
1.9482911486710495
2.31105435130016
2.5667472791802797
2.689200004524321
2.668879336257208
2.513654825031522
2.2477797523813847
1.9091106217238971
1.5446605193791605
1.2047526958859067
0.9363184930904761
0.7762049830340253
0.7455911623751388
0.8466123117370319
1.0619709185484854
1.3577258820013718
1.6887681796536858
2.0059548289986466
2.2636339114598267
2.4263747900686523
2.474009789114485
2.4044451882447357
2.2340002547610793
1.995255186346891
1.7325753663013026
1.4957002505712866
1.3320810135900145
1.2789943704177134
1.356734231340305
1.564231457537223
1.878153310579456
2.2558995292502866
2.6420985493279634
2.977486213115683
3.2086282652520066
3.2969074377383674
3.225448159849994
3.003034288781204
2.6644535084961056
2.2670379715944757
1.8835194233558248
1.5917658307200766
1.462549759429244
1.5471222626566246
1.8668063855053614
2.4068043801196484
3.1157758098144903
3.9115902364121458
4.692329991037486
5.35066133924332
5.789176370954775
5.934578290265617
5.749029965148278
5.237526943720639
4.450484905379931
3.480887199815911
2.4555108217902166
1.5202505260981454
0.8205412468279752
0.4792988401148692
0.5761584734794301
1.1323838107853468
2.1050712107833705
3.392160548048573
4.847103983183946
6.299826740438217
7.579748491062158
8.537121825848544
9.060247598466823