1.1445654860346434e-13
1.0296350757686623e-13
7.213736517272678e-14
4.6829446925666974e-14
3.663251611092817e-14
3.569313616005574e-14
3.4851862564563286e-14
3.442880939131303e-14
3.6334016368530954e-14
3.816360574711183e-14
3.8069158821019504e-14
3.857532995126148e-14
4.171703790598752e-14
4.4858204889987464e-14
4.9892035761222295e-14
7.141511334967026e-14
1.1612234432075407e-13
1.6888978088523296e-13
1.8591563895040113e-13
1.488669181367262e-13
1.0147362047436939e-13
7.187018328390107e-14
6.625985894518119e-14
6.769670126543414e-14
6.771191834164006e-14
7.104375340507368e-14
7.796199272313415e-14
8.244687116174108e-14
8.424396044043331e-14
9.028331561090197e-14
1.0133006507969196e-13
1.1157016098687069e-13
1.3645728277758444e-13
2.1507454155475013e-13
3.510423436311236e-13
4.918372338130818e-13
5.100775180219956e-13
4.005670246298046e-13
2.7941039404841656e-13
2.1387949889314685e-13
2.1183366690022156e-13
2.2344006041227852e-13
2.308037133426758e-13
2.505625737779342e-13
2.824281167621388e-13
3.065756486950218e-13
3.2217020316380806e-13
3.5399142872445735e-13
4.087403468716891e-13
4.657792096739974e-13
5.722785518733196e-13
8.894146017952545e-13
1.4847333320910722e-12
2.207290310298029e-12
2.5619876365455615e-12
2.2181967679112214e-12
1.6390703572406788e-12
1.2169704203704014e-12
1.1394042184117683e-12
1.2506664929528983e-12
1.3438064006600502e-12
1.4478715611708551e-12
1.6479974614647023e-12
1.8870591159049865e-12
2.0646081678034194e-12
2.232790350998679e-12
2.5530856404469197e-12
3.038942518225971e-12
3.5952081707856805e-12
4.638814781023207e-12
7.336415070491656e-12
1.2248188260187614e-11
1.840367787391852e-11
2.2546802475019716e-11
2.0965577133341982e-11
1.6251059835551777e-11
1.218595957063162e-11
1.0833075527896073e-11
1.2126196693814359e-11
1.385443967585378e-11
1.5149685322534125e-11
1.6947868811839625e-11
1.9781405735474438e-11
2.27817598710641e-11
2.5138423957226253e-11
2.7744294177074453e-11
3.2500863968693604e-11
3.986575414310551e-11
4.9101855763327874e-11
6.424053982649988e-11
9.872353686959113e-11
1.6470796388637245e-10
2.5574493431634003e-10
3.450046256191725e-10
3.7482834995939673e-10
3.197332865460031e-10
2.4106594613104836e-10
1.8915244578572645e-10
1.873504333378562e-10
2.2945649205731878e-10
2.7590721536918336e-10
3.0700554043662175e-10
3.3859356438598365e-10
3.894686512085927e-10
4.5304316753666997e-10
5.079612029463575e-10
5.521072591697686e-10
6.184746942213664e-10
7.496431057742214e-10
9.572565460618744e-10
1.2371394512405066e-9
1.6778882282142573e-9
2.55934751807021e-9
4.22200844837316e-9
6.663725415748612e-9
9.369621927691629e-9
1.1396563097041258e-8
1.1286203582412778e-8
8.750981004108455e-9
5.948383495887795e-9
4.668088407247698e-9
5.2658044530763975e-9
7.578694432798366e-9
1.036154024710103e-8
1.2115034547240638e-8
1.2635887298969646e-8
1.2877205854134186e-8
1.3687000000634393e-8
1.4888887701570102e-8
1.557187020705998e-8
1.5260483316070276e-8
1.484487560887827e-8
1.6369081171774452e-8
2.170863248861281e-8
3.135118189931039e-8
4.5128361119762205e-8
6.569346417877712e-8
1.0231978396184703e-7
1.6955213803642766e-7
2.765053524717894e-7
4.1086716299383816e-7
5.351036579161555e-7
6.030500258187616e-7
5.675282883463833e-7
3.9468232126940914e-7
1.5138617926101706e-7
3.468523736121685e-8
1.922166052911972e-7
5.922247671010201e-7
1.1280418817933114e-6
1.6898752024961558e-6
2.126156048660727e-6
2.2998923329534003e-6
2.2026717206574534e-6
1.9571076647168513e-6
1.7162189654165186e-6
1.561350322270596e-6
1.4648600441364446e-6
1.3366453661152791e-6
1.1236696938639406e-6
8.965725922102043e-7
8.66316018268971e-7
1.3153697579776023e-6
2.4764053807527994e-6
4.429633844810625e-6
7.10060032222171e-6
0.000010406486122913684
0.000014515579641618916
0.00002007041621969241
0.00002814437713931928
0.00003975802909846255
0.00005502841406683833
0.00007237774757310893
0.00008853326877237431
0.00010010107736285802
0.00010679556745285906
0.00011470910513835504
0.00013718295642948543
0.00019370985022212466
0.00031086373825289825
0.0005247798868003686
0.0008742867967161971
0.0013768212200163448
0.002002513171046949
0.002675661697585433
0.003307264320029725
0.0038125625632827276
0.00418057478571341
0.004513092231104082
0.004649542433108894
0.004685037452278372
0.004768987269525
0.004930761220272555
0.005459355528276036
0.005929027982896739
0.006531395186056907
0.007281257272025976
0.008202011599981062
0.009881959670329506
0.01147156358261655
0.012846939213183443
0.014557042577458164
0.017121572712231567
0.020178844382166796
0.023739764240498097
0.02777336142542112
0.03219786788041175
0.036879094232738344
0.04164000601943542
0.04628321458240156
0.050624715920555376
0.05453382781129493
0.05797215940652538
0.06102441969993454
0.06391595859408897
0.06701536663844732
0.07173528260731876
0.0759568862860856
0.08312049714481816
0.09304483093824344
0.10656367010696707
0.12453985448776557
0.14788615536716573
0.17757430944086955
0.2146478162733312
0.26023482245875407
0.31555747695192515
0.3819342575101412
0.4607721832702209
0.5535463622609909
0.6617650617406436
0.7869208861302075
0.9304306022891942
1.0935708811180875
1.2774235689734064
1.482851629072717
1.7105386557721085
1.961136232776116
2.2355752312530415
2.535605366040518
2.8646580757324718
3.2290452758574144
3.639633087673973
4.11391231838046
4.678644360526124
5.37260677879592
6.2497521934952545
7.382190868833744
8.862724280530493
10.80656166807945
13.35170039469836
16.657481006725547
20.90084729098782
26.26994394612785
32.954775081939495
41.13522813889523
50.96656635980937
62.56376110819023
75.98597999170512
91.2233348469529
108.18810988665321
126.71242885475615
146.55343333755553
167.40560514649025
188.9182084654527
210.714508944279
232.40900274798076
253.619600975613
273.9732926808811
293.1055818604616
310.6552739018485
326.256659166776
339.53095319237036
350.0783987638061
357.47209741036585
361.25461506168193
360.9387762124041
356.0148279021029
345.9673400380944
330.3068483328316
308.6233728949311
280.6714579436863
246.49879274920943
206.6313752371821
162.3241551279737
115.87004181937559
70.91969053754656
32.6846760766997
7.780486020042987
3.3936174559796832
25.65868512030829
77.82682947083589
159.51776101070533
267.7850918305711
399.059381456159
550.541174827197
720.6388936997528
908.8258863229902
1115.3167637323497
1340.754946013703
1585.9580956523735
1851.7052449362452
2138.529527355225
2446.477888521847
2774.8042509977945
3121.574237022033
3483.1811598186496
3853.810242103207
4224.944579282409
4585.076646352736
4919.847012648003
5212.828070016745
5447.052451350194
5607.147670210701
5681.663452297355
5665.007804543369
5558.447368999878
5369.877930223425
5112.433143126548
4802.336128249813
4456.57963255172
4090.977423856995
3718.9049620610053
3350.7706015620806
2994.0595391517286
2653.720394894958
2332.689647499459
2032.4161344946358
1753.3148211129476
1495.1285769350268
1257.207590332328
1038.7334600708102
838.9240590172004
657.258078062407
493.75113667323615
349.283884457315
225.89404937832154
126.7651682565111
55.464409199995835
14.235698150270254
2.185645573274514
14.85143837379843
45.494283797903684
86.98198621109313
133.1476627417512
179.34584876493471
222.44446686493734
260.55829201986245
292.72373624554496
318.6083537359357
338.28426356762
352.0647916408867
360.3930527602456
363.76952317724005
362.7073552736507
357.7067296608814
349.2419381081112
337.75684283291747
323.6658272745713
307.3583850289428
289.2061167441808
269.571127423691
248.814661274069
227.3043869365728
205.41832427660665
183.54340272154533
162.06740727833596
141.3645849872983
121.77711320376773
103.59559416164224
87.04286261114288
72.2636170540111
59.32166067096575
48.20449134848134
38.8338081723269
31.079808214012232
24.777053575661874
19.74001246193427
15.776898292671767
12.668697346264393
10.339062406119156
8.537028055950234
7.162918857628069
6.10775765324009
5.2847216195518065
4.627100603191193
4.085659596609053
3.6253667476311717
3.222546273558412
2.861958529699893
2.534366603180602
2.234564365280069
1.9598238863313455
1.708806525100059
1.4807912380829535
1.2752082479463183
1.091381886106519
0.9284206719460938
0.7852024339685497
0.6604120197285916
0.5526031090292196
0.4602645631437902
0.38187964898739346
0.31600909905328456
0.2611405583921197
0.2160699362225966
0.1795417567913197
0.150426194588803
0.12767124408477293
0.11028877578953693
0.0973419293340082
0.08793291747441068
0.08120562036692086
0.07724346677662908
0.07276268700303694
0.06968181246088284
0.06665020174589902
0.06331415007351648
0.059476624767163186
0.05509062669070164
0.050235908012187885
0.04508204854971364
0.03984443328901724
0.034741392715081865
0.029960034260996592
0.025635409172308173
0.02184373910035156
0.018606929881525888
0.015903727468584865
0.014612264145066764
0.012681577918894375
0.010412092242348778
0.00922050439659112
0.008248121439982466
0.007458908133875317
0.006832026702728149
0.006352744675737241
0.0060022340461808096
0.005642629180836032
0.0056619718494503556
0.005606170766078108
0.005307847793036684
0.004980357546380109
0.004489010397457597
0.003826048562396606
0.0030226921789774336
0.00220481688531028
0.001477725985392302
0.0009204494630886435
0.0005492400900237205
0.00033023259716318594
0.00021478413060920106
0.00016244327185764232
0.0001435767760427867
0.00013615162590404947
0.0001262295871437658
0.00010915359163100847
0.00008724454081069082
0.0000652714934436899
0.00004689629691231668
0.00003339103314311948
0.00002409042346703249
0.000017537911792408443
0.000012484594412817092
8.328937072586994e-6
5.024400161914259e-6
2.7333793849367267e-6
1.5121788290923366e-6
1.1793903092864623e-6
1.375233529715092e-6
1.7258601599824975e-6
1.9991346716483454e-6
2.1656637006477595e-6
2.3378654359599346e-6
2.6291691147099243e-6
3.0260278164960763e-6
3.3585476703203322e-6
3.3928970379139997e-6
2.9974548126016234e-6
2.258995263369525e-6
1.4095729959109704e-6
6.539859960108844e-7
1.5781586388877525e-7
7.687635125319266e-8
3.717254918827546e-7
7.468568006269249e-7
9.48188214116756e-7
9.429031887847754e-7
7.986307702132231e-7
5.877284866692126e-7
3.8277896661114703e-7
2.3272916731055025e-7
1.438049134751291e-7
9.578000133697486e-8
6.703462674209383e-8
4.6722761112629264e-8
3.313987934245881e-8
2.6795964840386917e-8
2.6037748666927852e-8
2.7264085797237818e-8
2.7441992015732015e-8
2.59212679949912e-8
2.406763087361031e-8
2.3247276685254755e-8
2.3061095208558687e-8
2.1598946321164417e-8
1.7605096232668587e-8
1.2446561854333949e-8
9.18946862613521e-9
9.455459242267247e-9
1.3261093576572427e-8
1.9261116477557325e-8
2.299924165319401e-8
2.1569565948436533e-8
1.6899549605298172e-8
1.1591283186444168e-8
7.20379694609281e-9
4.476114651657203e-9
3.102243298394388e-9
2.371963188345569e-9
1.859932860125084e-9
1.4891172155447566e-9
1.2778658139340906e-9
1.1745431204194077e-9
1.084493974593317e-9
9.611727770932099e-10
8.323775256263769e-10
7.425233129581361e-10
6.844581953023881e-10
6.070108947597507e-10
4.974690181567284e-10
4.3148569449244914e-10
4.881045971773121e-10
6.508876575156875e-10
8.502147427362352e-10
9.290290824020193e-10
7.915731177468568e-10
5.598080720363229e-10
3.5104500618496045e-10
2.1468770869081997e-10
1.5023089018829864e-10
1.2035532602512384e-10
9.89098903177957e-11
8.239150073860823e-11
7.29242618405023e-11
6.738538144256461e-11
6.089919760129218e-11
5.286451049882097e-11
4.632621428954829e-11
4.25645836329259e-11
3.8955516673119364e-11
3.407936468153477e-11
3.283749666544042e-11
4.082198489501823e-11
5.541024885089413e-11
6.895437630715847e-11
6.802391599169617e-11
5.1489292866705784e-11
3.304082054076677e-11
1.9908355450716892e-11
1.3680270426055668e-11
1.1308690716975705e-11
9.66715414803797e-12
8.280381065430342e-12
7.51417163211364e-12
7.068198337367865e-12
6.4299283608891305e-12
5.6487413307743645e-12
5.124079340136528e-12
4.869817184459663e-12
4.526481559223077e-12
4.298913669716051e-12
5.1401192877469305e-12
7.206217959393059e-12
9.496206373529881e-12
1.008871627529637e-11
7.927754588480959e-12
5.111665978462021e-12
3.0902118603714436e-12
2.194698190786181e-12
1.9070108841897125e-12
1.6849001452698584e-12
1.494853823957609e-12
1.412490908751633e-12
1.3571268658081357e-12
1.24383952784016e-12
1.1241309669658808e-12
1.0758122776687098e-12
1.0545493773523569e-12
1.012671435685384e-12
1.128038695491193e-12
1.599821152103257e-12
2.267690089306349e-12
2.6963373630834946e-12
2.3375199432388954e-12
1.5745322528974213e-12
9.621051064444107e-13
6.728085141363586e-13
5.973849388554807e-13
5.468280383452168e-13
4.983346854876056e-13
4.839876368171455e-13
4.787334012112548e-13
4.5059959182648457e-13
4.198395061231609e-13
4.166648593271247e-13
4.212129643218162e-13
4.2210692290874014e-13
5.128996264119516e-13
7.712615783467592e-13
1.1041425039963858e-12
1.265141053256567e-12
1.0360219982805482e-12
6.824846674854526e-13
4.3075044463692574e-13
3.394355101143405e-13
3.212928432317475e-13
3.0046514161858957e-13
2.880806581645596e-13
2.939421518870193e-13
2.947151889243377e-13
2.8164769134278516e-13
2.7713969982414596e-13
2.896792617612136e-13
2.9832185602088596e-13
3.27814008219775e-13
4.7059393454022e-13
7.331499205309638e-13
9.928467695432704e-13