0.
4.110047264165361e-7
0.000020520463717415575
0.000162355716702466
0.0005959784131278202
0.001421071296608388
0.0024930847881775887
0.003303148297727618
0.0032980420772757146
0.0029355721490479073
0.0038165072330755183
0.007347400814338697
0.013615198682787329
0.0238460343186693
0.039124280102010404
0.060033396999746164
0.08340521869499572
0.09994274386490476
0.09570069094476738
0.06529984317208645
0.031951094981261294
0.03978310292089773
0.0955743498070893
0.13536034615450165
0.09625679605032852
0.03365744359158004
0.07627815762919574
0.1817076618591702
0.171222240501979
0.1353836114557868
0.4199809130081386
0.9076459530735956
0.9730226290191755
0.5159917147029708
0.2459301730070741
0.45834513202448635
0.5478107400337444
0.2553813514119017
0.2196169578189984
0.7900506022671309
1.2957611089039018
1.1024041030867389
0.6013138754282332
0.8541319601779884
2.36441668616207
4.546666313303627
6.465417164867128
7.60298051337009
7.96013408837631
7.798717045256433
7.36934623921092
6.779194014429337
6.123571803902792
6.109895458076795
9.349845475536496
21.08392439941247
45.951280085676736
86.00745601108676
145.5080605492227
230.6179940046102
344.6545712366876
478.52979448677627
594.3406856570306
630.2105969421947
561.3076995157874
433.3423893610926
304.23574071087756
200.32327810612557
124.73307626093215
72.39951019594295
37.39352296262834
16.736925316890932
8.23573893856887
6.601541638068788
7.275371455670762
8.35282560522176
9.409942007322737
10.37362464260122
11.014253051334018
10.855647619472267
9.384976829073398
6.536632165206358
3.2457503674523496
1.29008330040375
1.670117930168689
3.1191011426095336
3.328908870371865
1.756471993581945
0.5639597987590809
1.491265156030653
2.6531741370346804
1.9516132265262343
1.7110835548697696
5.060367266258903
8.856217043696416
7.780592725182163
3.417469372950607
1.8815022605381557
3.4357063512201425
3.335530075891944
1.2821937334765745
1.6374618842423505
5.047724728539045
7.0421230623037685
5.2245793912539344
2.8105786046728936
4.953368744429826
12.758662728671636
22.54227361945093
30.17492955635315
33.98014568585369
34.4823112671982
33.0282784562578
30.66487847107804
27.771509934760278
24.91303475931572
25.848742304074847
42.97021277648007
98.2587105901363
207.81939699627122
379.75525178311545
633.164501372506
992.4314326920312
1466.1668215210266
2003.6139129097282
2430.1659633010527