1.0130556586589703
1.019211182755067
1.0236627207494684
1.0263863199354883
1.0273655722318173
1.026591780555361
1.0240640906442824
1.0197895869391078
1.013783351181083
1.0060684824544488
0.9966760774853083
0.9856451701176723
0.9730226290191756
0.9588630128264332
0.9432283821255552
0.9261880678764174
0.9078183961310018
0.8882023691655834
0.8674293034425579
0.8455944251383947
0.8227984243169781
0.7991469691893792
0.7747501822779654
0.74972208069027
0.7241799831015721
0.6982438864388907
0.6720358156476797
0.6456791502990734
0.6192979321543086
0.5930161581363802
0.5669570634609531
0.5412423999416566
0.5159917147029708
0.4913216347007716
0.46734516256046144
0.44417098929118004
0.4219028294177584
0.40063878398766367
0.38047073675676774
0.36148378863568575
0.34375573518922553
0.3273565916284334
0.3123481693221486
0.2987837073889822
0.286707562418004
0.27615495881541136
0.267151801693735
0.2597145536192903
0.25385017592220127
0.24955613466139265
0.24682047073398744
0.24562193303394528
0.2459301730070741
0.24770599842659952
0.2509016837321166
0.25546133384064446
0.26132129795624626
0.26841062957740813
0.2766515886311053
0.28596018145002877
0.296246734154046
0.3074164948974091
0.3193702603965257
0.33200502215606065
0.34521462785941587
0.3588904534785299
0.3729220817821822
0.3871979830763116
0.40160619418845855
0.41603499190623056
0.43037355729060417
0.44451262750503723
0.4583451320244864
0.471766810311993
0.48467680826942794
0.49697825098086673
0.5085787894692736
0.5193911193773126
0.5293334696605925
0.5383300595449869
0.5463115221491038
0.5532152933088086
0.5589859642637586
0.5635755969772166
0.5669440009623892
0.5690589705820965
0.5698964818772589
0.5694408480650355
0.5676848329324868
0.5646297214393428
0.5602853469360206
0.5546700745036366
0.5478107400337444
0.5397425447892049
0.5305089053262229
0.5201612588127069
0.5087588239515317
0.4963683179092862
0.48306362986275025
0.46892545200621605
0.4540408691122708
0.4385029080053394
0.42241004858974174
0.4058656983688481
0.3889776326971772
0.3718574033180325
0.3546197180522986
0.337381794814057
0.3202626934308866
0.3033826290355178
0.2868622710657397
0.27082203215500134
0.25538135141190166
0.24065797676706938
0.22676725120604868
0.21382140780203746
0.20192887850894384
0.19119362166995316
0.18171447313766115
0.1735845257870058
0.16689054203205006
0.1617124037323374
0.15812260359629068
0.15618578186066023
0.15595831165035678
0.1574879360069936
0.16081345912286907
0.16596449383632206
0.17296126694151423
0.18181448334813602
0.19252524960195916
0.20523463110961992
0.2196169578189984
0.23580311204972776
0.2538727045198293
0.2735407421370384
0.29487517644434724
0.31781262385702175
0.34228152216855773
0.368109109361721
0.3954008831910938
0.42396421413216784
0.45369921665218665
0.484427874489321
0.5161874802589479
0.5487861919825062
0.5821042609505686
0.6160184468092904
0.6504026292829862
0.6851284240192376
0.7200657990894236
0.7550836888731604
0.7900506022671309
0.8248352223838845
0.8593069951385657
0.893336704358746
0.926797031289971
0.9595630966038905
0.9915129832444913
1.0225282386677557
1.0524943552389405
1.0813012277479095
1.1088435871848816
1.1350214100854559
1.1597403029043396
1.1829118610112666
1.2044540020197432
1.2242912732609474
1.2423551332999365
1.2585842074618876
1.2729245173921717
1.2853296847171194
1.2957611089039018
1.3041881194387577
1.3105881024551713
1.3149466019479845
1.317257395708533
1.3175225461101656
1.3157524258650999
1.311965718863902
1.3061893961989575
1.298458667465078
1.2888169074245497
1.277315558122206
1.2640140065391392
1.2489794378825796
1.2322866646256794
1.214017931434014
1.1942626961477845
1.1731173870287537
1.150685136531262
1.1270754919150094
1.102404103086744
1.0767923881351218
1.050367177110994
1.0232603347005933
0.9956083625437522
0.9675519820604969
0.9392356987673789
0.9108073491884972
0.8824176315933147
0.8542196219240246
0.82636827640606
0.7990199224666298
0.7723317397143883
0.7464612328579431
0.7215656985589392
0.6978016883259779
0.6753244696559269
0.6542874877174761
0.6351265444008131
0.617434382694601
0.6013138754282332
0.587517235885276
0.5758822238468368
0.5665403808445548
0.5596178773502933
0.5552350668013082
0.5535060620575938
0.5545383364947197
0.5584323518114545
0.5652812144872936
0.5751703626613924
0.588177285023192
0.6051433669542063
0.6246257849821513
0.6465553836469842
0.6726413637823278
0.7021058606646705
0.7349747412221913
0.7712648839085474
0.8109842606380068
0.8541319601779884
0.9006982661459195
0.9506647696007237
1.0040045150701562
1.060682178655853
1.1206542766737289
1.1838694031205625
1.2502684941093158
1.3197851172869572
1.3923457841405582
1.4678702830099537
1.5462720305598023
1.627458439417729
1.7113312996628938
1.79778717184324
1.886717789216179
1.9780104669404344
2.0715485159967826
2.1672116596819677
2.26487645059919
2.36441668616207
2.465703820731058
2.5686073726144656
2.6729953242860853
2.778734409972591
2.8856909145237486
2.9937304210262385
3.1027185845676897
3.2125213750235213
3.323005409199988
3.4340382683020514
3.545488797592112
3.6572274028252973
3.7691263083587314
3.8810598101014877
3.9929045264123557
4.104539608236827
4.215846945855261
4.3267113565378255
4.437020755912853
4.546666313303627
4.655542591348717
4.763547670274025
4.870583257231664
4.976554781159842
5.081371735837276
5.184946706225259
5.287196973169904
5.388043529403722
5.487411362361375
5.585229481799584
5.681430915107918
5.7759527143247285
5.868735942656619
5.959725654254114
6.048870865589219
6.136124518979535
6.221443438791345
6.304788280837798
6.386123475473279
6.465417164867125
6.542641134922686
6.617770742287486
6.69078483688384
6.76166568036799
6.830398860907112
6.89697320464588
6.961380684213632
7.0236163246060945
7.083678106757013
7.141566869827425
7.197295827089801
7.25085257284118
7.3022549339283245
7.351514157123141
7.398643833174212
7.443659791706245
7.486579995775494
7.527424436265412
7.566215026681574
7.60298051337009
7.6377363289167866
7.670514501541335
7.701343583055122
7.730253525176439
7.757275577126751
7.782442184200138
7.805786887414588
7.827344224347663
7.847149631253667
7.865239346554536
7.881650315793142
7.8964200981321335
7.909586774479098
7.921188857315035
7.931265202299254
7.939854921722329
7.946997299874923
7.952731710398903
7.957097535684671
7.96013408837631
7.961880535046216
7.962375822096506
7.96165860394721
7.959767173565888
7.95673939539672
7.95261264074304
7.947423725659481
7.941208851408289
7.934003547534731
7.925842617617713
7.91676008775111
7.906789157813205
7.895962155582422
7.884310493759436
7.871864629956933
7.8586540297221665
7.844707132658387
7.83005132171578
7.814712895725728
7.798717045256433
7.782087831872108
7.764848170884218
7.747019817687077
7.728623357777448
7.7096782005638325
7.6902025770776525
7.6702135417057065
7.649726978071269
7.628757609197916
7.607319012100082
7.5854236369505195
7.56308283098464
7.5403068673105365
7.517104978801779
7.493485397259668
7.469455398040662
7.445021350354288
7.4201887734456315
7.394962398886831
7.36934623921092
7.343343663130002
7.316957477591246
7.290190016929523
7.263043239388705
7.2355188312880205
7.207618319121411
7.179343189882911
7.150695019920683
7.121675612627694
7.092287145284695
7.062532325375559
7.032414556701751
7.00193811562609
6.971108337781205
6.939931815578013
6.908416606855618
6.876572455010643
6.844411020946303
6.811946127178089
6.779194014429291
6.747685485101794
6.7129068155407365
6.679418792606421
6.645738282843796
6.611897926536002
6.5779346016999165
6.543889776660503
6.509809877357184
6.475746669557591
6.441757656117428
6.407906489379304
6.374263398753935
6.34090563346814
6.307917920399115
6.27539293683747
6.2434317979411595
6.212144558544055
6.181650728881846
6.152079803677715
6.123571803902792
6.096277830382289
6.07036062826246
6.045995161179023
6.023369193782401
6.00268388106731
5.9841543627365485
5.968010992539002
5.954497117431031
5.943874333592594
5.936419688175926
5.932427180548522
5.932208334943626
5.936092758012038
5.944428677080296
5.957583454548578
5.975944073466821
5.999917588936678
6.029931539580059
6.066434312914648
6.109895458076795
6.1608083948827375
6.219680891180073
6.287049587073287
6.363470500727452
6.449521330188543
6.545801292551342
6.652930855410178
6.771551352014992
6.9023244716342305
7.045931616825336
7.20307311965084
7.374467309397317
7.560852013278176
7.762972970493634
7.981597889948505
8.217504564204988
8.471481749473211
8.744327129473332
9.03684529642315
9.349845475536496
9.684139112678228
10.040537317276913
10.41984817467582
10.822873945697538
11.250408174975803
11.703232729749987
12.182114818366275
12.687803999346318
13.221029146997168
13.782495676962816
14.37288270225937
14.992840446094926
15.642987848897155
16.323910436215506
17.036158495800898
17.780245610605483
18.556647591501903
19.365801849091593
20.208107237982784
21.08392439941247
21.993576619080624
22.93735120674968
23.915501392756163
24.92824872438133
25.97578593248921
27.05827717101583
28.175874132866543
29.328701067926346
30.516871791148315
31.740490826571556
32.99965785107593
34.294466936653755
35.62503224697651
36.99145926581523
38.39387449043986
39.832409519267436
41.30722595220989
42.81850315287261
44.366444633181196
45.951280085676466
47.57326700459889
49.2326919098015
50.929871200543275
52.66515166820297
54.438910703364435
56.25155623371166
58.10352642917345
59.99528920912851
61.92734158370413
63.90020885777157
65.91444372239947
67.97062525475853
70.06935784385084
72.21127005624643
74.39701345324823
76.6272613686191
78.90270765420108
81.22406539927535
83.59206562846836
86.00745601108676
88.47099941147879
90.98347271729995
93.54566534075778
96.15837800232588
98.82242119033891
101.53861390725807
104.30778226832625
107.13075812770758
110.00837770358405
112.94148020237401
115.9309064418171
118.97749747224577
122.08209319491712
125.2455309757648
128.46864425248407
131.7522611322886
135.0972029772051
138.50428297319775
141.97430467890402
145.5080605492227
149.10633042846803
152.7698800073096
156.49945923717334
160.29580069537104
164.15961789369794
168.09160352286636
172.0924276247095
176.16273568374635
180.30314662935749
184.5142507364095
188.79660743382195
193.1507429647695
197.5771479512169
202.07627480642947
206.64853500432585
211.29429619286262
216.01387914180978
220.80755451548845
225.67553946121174
230.6179940046102
235.63501724333202
240.72664333124908
245.8928372509126
251.13349033744444
256.4484156236945
261.8373429017955
267.29991357260064
272.8356752510227
278.44407613170523
284.1244591161018
289.8760557040323
295.6979796548308
301.5892204255878
307.548636396526
313.57494789635257
319.66673004355414
325.82240542279953
332.0402366193135
338.31831863780786
344.6545712366876
351.046731339746
357.4923446738672
363.98875935203637
370.53311698951154
377.1223458718521
383.7531535538251
390.4220198479791
397.12519014487896
403.8586691400386
410.618215047424
417.3993343841267
424.1972774150873
431.00703435060444
437.82333238754137
444.6406337231986
451.4531345651336
458.2547653410421
465.03919213099897
471.79981945223955
478.52979448677524
485.2220128429946
491.86912593617046
498.46355006511465
504.9974772526945
511.46288790677494
517.8515653452206
524.1551122140137
530.364968811475
536.4724333138691
542.4686838789119
548.3448025836436
554.0918011324694
559.7006482496921
565.1622991808456
570.4677240172094
575.6079425097115
580.5740548671661
585.3572760903334
589.9489704223033
594.3406856570306
598.5241914311733
602.4915101263709
606.23495486355
609.7471633884817
613.0211319093696
616.0502479065985
618.8283216510289
621.3496161732268
623.6088754349217
625.6013504658362
627.3228232436475
628.7696281120743
629.9386705517114
630.827443070841
631.4340354784539
631.7571566647816
631.7961229868845
631.5508744353568
631.0219716838858
630.2105969421947
629.1185336161811
627.7481776586986
626.1025117204425
624.1850930753427
622.0000354066184
619.5519879086419
616.8461118854503
613.8880550469227
610.6839237213219
607.2402532181707
603.5639765878215
599.66239203372
595.5431292399008
591.2141156068593
586.6835375613002
581.9598131917725
577.0515469243422
571.9675020327425
566.7165625708379
561.3076995157874
555.7499397535154
550.0523309302278
544.2239128416562
538.273687575094
532.2105917448309
526.0434703931065
519.7810526470671
513.4319292008092
507.00453167057054
500.50711385105336
493.94773488162525
487.334244313277
480.67426905071926
473.9752021289738
467.2441932706643
460.48814115840247
453.7136873470178
446.9272117320038
440.13482948421716
433.3423893610926
426.5554732649384
419.7793970252013
413.01921220150894
406.27970888290736
399.56541935394716
392.88062253585224
386.22934910897226
379.6153872265728
373.04228873413246
366.5133758129719
360.03174797192855
353.6002893164592
347.2216761479468
340.89838398464815
334.63269650723555
328.4267121028936
322.2823522435895
316.20136908749885
310.1853531243887
304.2357407108783
298.35382146787896
292.5407455165827
286.79753053285145
281.12506860335895
275.52413286986814
269.99538395095726
264.53937613311285
259.15656332547906
253.84730477479184
248.61187053886576
243.4504467188867
238.36314044729852
233.3499846639773
228.41094261093943
223.54591215014798
218.75472983611414
214.03717478037788
209.3929723106742
204.8217974331006
200.32327810612557
195.89699833558458
191.5425011001139
187.25929111665553
183.046837458914
178.90457601975348
174.83191187448523
170.82822149177184
166.89285484908675
163.0251374431918
159.22437220800353
155.48984134878424
151.82080810130583
148.21651842425445
144.67620263282518
141.19907698097666
137.78434519944605
134.43119999611173
131.1388245248426
127.90639382846106
124.73307626093215
121.61803489338119
118.56042890799617
115.55941498338095
112.61414867435
109.72378578870166
106.88748376295437
104.10440303858476
101.37370843982293
98.6945705536263
96.06616711206067
93.48768440649403
90.95831855556324
88.47727706975425
86.04378009059782
83.65706192337078
81.31637224124621
79.02097757947071
76.77016267346615
74.56323181538745
72.39951019594295
70.27834522708342
68.19910784007331
66.1611937520771
64.16402469258085
62.207049578715754
60.28974562578105
58.41161937600042
56.572207624861086
54.77107822032872
53.007830706176975
51.28209677672113
49.5935405069755
47.941858319919405
46.32677865170776
44.74806127672489
43.20549625686638
41.69890248698864
40.22812581288839
38.79303281604718
37.39352296262834
36.02950411846451
34.700908299651886
33.40766179512934
32.149714202301915
30.92701244943696
29.739501434609302
28.587119379877755
27.46979654305288
26.387437527867327
25.33993648618517
24.327160305618868
23.34894806443333
22.405107764403482
21.495413524231385
20.619603270603978
19.777376951131043
18.9683952807284
18.19227902095565
17.448608780716842
16.736925316891117
16.056730305037572
15.407487543445754
14.78862454848504
14.199534495451095
13.639578456772977
13.108087868836062
12.60436729835021
12.127697157160032
11.67733672486591
11.252527143088239
10.852494441458502
10.47645255454162
10.123606296915028
9.793154264450822
9.48429163883905
9.19621287501289
8.928114254833595
8.679196313964328
8.4486660122068
8.23573893856892
8.039638368328665
7.859608198294451
7.694897736501099
7.5447743244627565
7.408521780068785
7.285441486789514
7.174853329986854
7.076096487117889
6.988530079263515
6.911533691863952
6.844507772852002
6.786875486086257
6.7380763535289265
6.697572925352396
6.664858434642703
6.639435968845079
6.62083369638507
6.608600698922275
6.60230668276714
6.601541638068788
6.605915452134665
6.615057482858031
6.628616097836618
6.646258184375908
6.667668635183728
6.692549193970077
6.720620062802332
6.751616595003504
6.785290223571332
6.821407593452221
6.859749982248681
6.900112720532205
6.942304613974912
6.986147369267276
7.031475025557603
7.0781333929342125
7.125979499276994
7.174881046621066
7.224715878010751
7.275371455670762
7.326744351183414
7.378739748234278
7.431270958380165
7.484258950186564
7.537631891994977
7.591324708497775
7.645278651225773
7.699440882991039
7.753764076270354
7.808206025466669
7.862729272940967
7.917300748672938
7.9718914233741645
8.026475974851339
8.081032467394849
8.135542043948389
8.189988630797528
8.244358654506204
8.298640770816686
8.35282560522176
8.406905504912759
8.460874301803134
8.51472708632347
8.568459991685677
8.622069988313
8.675554688133197
8.728912158437934
8.782140745011954
8.835238904240537
8.88820504391129
8.94103737242796
8.993733756164017
9.046291584688358
9.098707643604516
9.150977994751036
9.203097863520947
9.255061533066428
9.306862245162769
9.358492107518215
9.409942007322691
9.461201530841269
9.512258888866825
9.56310084785776
9.613712666595228
9.664078038208231
9.714179037420326
9.763996072887116
9.813507844500615
9.862691305547635
9.911521629620253
9.959972182184943
10.008014496727698
10.055618255401223
10.102751274110215
10.149379491979193
10.195466965155529
10.240975864909837
10.285866480002015
10.330097223290055
10.373624642601225
10.416403435631404
10.458386469434652
10.499524803739302
10.539767718676467
10.579062746695875
10.617355708722656
10.654590754572192
10.69071040764348
10.725655613913878
10.759365795260823
10.791778907137061
10.822831500628288
10.852458788924023
10.880594718230956
10.90717204316253
10.932122406633855
10.95537642429672
10.976863773544007
10.99651328711543
11.014253051334018
11.030010509001976
11.043712566982107
11.055285708490143
11.0646561101183
11.071749763610221
11.076492602400965
11.078810632933392
11.078630070757098
11.075877481409226
11.0704799260725
11.062365111996908
11.051461547664946
11.037698702669656
11.020999911443038
11.001311630104814
10.978559930447364
10.952679817712589
10.923608126500783
10.891283707681481
10.855647619472267
10.816643322543687
10.774216878985689
10.728303376497086
10.678883095033576
10.625896512535867
10.569302149625706
10.509062174367081
10.44514261957082
10.377513602064006
10.306149543527338
10.231029392461707
10.152136846802506
10.069460576660946
9.982994446620346
9.892737736972968
9.798695363228818
9.700878093181016
9.59930276075505
9.493992475818864
9.384976829073398
9.272292091087728
9.155981404487829
9.036094968249435
8.91269021299308
8.785831966120886
8.655592605585765
8.52205220102844
8.385298640973975
8.245427744731975
8.102543357605791
7.956757427982884
7.808190064846565
7.656969574231875
7.503232473131268
7.347123116151545
7.188795121821059
7.028409102947238
6.8661340562263735
6.702146868635983
6.536632165206358
6.3697821242986485
6.201796259198318
6.032881164930028
5.863250229324867
5.693123307502206
5.522726359084877
5.352291047639508
5.182054302018553
5.012257839493484
4.843147650785653
4.674973447346669
4.507988071488819
4.3424468702379695
4.1786070340574515
4.016726901881777
3.8570656094659466
3.699880820434652
3.545430226182333
3.393969203172003
3.2457503674523496
3.101022724537806
2.960030804032888
2.823013782775469
2.6902046005189804
2.561829072399168
2.4381050026267634
2.3192413040186795
2.205437128115057
2.096881010732659
1.9937500378671176
1.896209036881816
1.8044097979024296
1.7184903302760461
1.638574158850267
1.5647696646794083
1.4971694745768938
1.435849903698892
1.380870455075526
1.3322733796949213
1.29008330040375
1.2543069525382537
1.2249327489415318
1.2019308946797032
1.1852531078983646
1.1748326419839612
1.1705842599852452
1.1724046786773519
1.1801722918234454
1.1937477694370529
1.212974392237611
1.2376782042688566
1.267668856456842
1.3027401073770568
1.3426701847095244
1.3878581009234472
1.4361472443541987
1.4891804276819625
1.5460464802477347
1.6064581946051235
1.670117930168689
1.7367185585167315
1.8059444742132502
1.877472636047795
1.9509736344732254
2.0261127810562045
2.1025512158188633
2.17994702843884
2.2579563893816923
2.336234687168205
2.414437668117242
2.492222575057927
2.5692492816608965
2.645181419200561
2.7196874872340966
2.7924419783801175
2.86312643154605
2.9314305220093546
2.997053102384783
3.0597032256793955
3.1191011426095336
3.174979271043639
3.2270831355029204
3.2751722746992957
3.3190211151172435
3.3584198086541512
3.393175032320765
3.423110747971501
3.448068919983834
3.467910188737938
3.4825144976639906
3.4917816715274794
3.495631943514466
3.4940064285613825
3.486867540252543
3.474199348484611
3.4560078749758834
3.4323213235846617
3.403190242297386
3.3686876136612494
3.328908870371865
3.2839718326885334
3.2340165643463514
3.179205143667425
3.1197213386530365
3.0557702303407965
2.987577664632093
2.9153896837029842
2.8394718208482694
2.760108301666711
2.677601142659706
2.59226914621156
2.504446791504626
2.414483021584991
2.322739927522772
2.2295913314110893
2.1354212708106877
2.0406223881653593
1.9455942296860491
1.8507414592095717
1.756471993581945
1.6631950671719733
1.5713192523982125
1.4812503370541756
1.39338934061016
1.3081303295208955
1.2258582606446045
1.1472518610609685
1.0717566045242946
1.0006323257473517
0.9339014393107626
0.8722877954358024
0.814829718739644
0.7630382578522753
0.7167353361757386
0.6761321730956125
0.641411777996202
0.6127276018995913
0.5902023497157403
0.5739269651123727
0.5639597987590809
0.5603260098656115
0.5630169664059098
0.5719902537197541
0.5871694948301933
0.6084445832189398
0.6356720908212888
0.6686758897493339
0.7072479849556851
0.7511495532845673
0.8001121826598665
0.8538393035557759
0.9120078034015795
0.9742698132106794
1.0402546545037483
1.1095709335354234
1.181808768933211
1.2565421381275628
1.3333313273901588
1.4117254699009356
1.491265156030653
1.5714850999420011
1.6519168466716725
1.7320915040414013
1.811542484047279
1.8898082387730017
1.9664349763515663
2.040979343042775
2.113011058080944
2.1821154885700382
2.2478961523355125
2.30997713728006
2.3680054264151393
2.4216531183405996
2.470619533517718
2.5146331972117446
2.5534536904702825
2.5868733609479997
2.6147188857864636
2.636852679112634
2.6531741370346804
2.6636207132953813
2.6681688189989425
2.6668345400673568
2.659674166316476
2.646784526285831
2.6283031222181625
2.604408059884335
2.5753177682972637
2.5412905047717773
2.502623641279357
2.4596528177539803
2.412750423425316
2.3623247478145393
2.3088180050632774
2.252704580627993
2.194488961155146
2.1347034401371325
2.0739056048172455
2.0126756064200437
1.9516132265262343
1.8913347447090945
1.8324696206514963
1.7756570038563624
1.7215420865062723
1.6707723171646127
1.6239934951422517
1.5818457674393227
1.5449595521764024
1.5139514143118593
1.4894199211604644
1.4719415067437995
1.462066375272093
1.4603144750452643
1.4671715747304965
1.483085474295348
1.5084623828237826
1.5436634949981038
1.58900179718092
1.6447391327741532
1.7110835548697696
1.788186992153856
1.8761432516009076
1.9749863787298625
2.084689393124738
2.205163413592834
2.3362597989060405
2.477759206949625
2.6293888500276377
2.790811598250815
2.961630940023273
3.1413891324133374
3.3295745737925793
3.5256202951613473
3.7289076393026117
3.9387692652172372
4.15449246222029
4.375322748157607
4.600467724381124
4.829101158675835
5.060367266258903
5.293385158259361
5.527253426737611
5.761054835279981
5.993861084502103
6.2247376223658035
6.452748470050145
6.676961035164989
6.896450885332216
7.110306456551289
7.317633672265532
7.517560450637048
7.709241079168019
7.89186043746021
8.064638050538653
8.226831956762057
8.377742375869097
8.516715164148703
8.643145045059581
8.756478604834065
8.856217043696416
8.941918674279108
9.01320115965476
9.069743484109885
9.111287650386968