1.012924342367517
1.0186065461024367
1.0199680195702072
1.0169770243702758
1.0096453777169567
0.9980289493701451
0.9822277385299432
0.9623855122996069
0.9386889880822054
0.9113665439505483
0.8806864438027703
0.8469545681361561
0.8105116466391112
0.7717299955522954
0.7310097708550654
0.6887747576787513
0.6454677267405713
0.6015453997508038
0.5574730773115943
0.5137189943671887
0.470748479298557
0.42901800276110774
0.38896921081939395
0.35102304333612105
0.31557404248163723
0.2829849572865503
0.2535817481247414
0.22764908978264026
0.20542646339375864
0.18710491620024122
0.17282455420245868
0.16267281676221598
0.15668356473103662
0.15483699534950057
0.15706037870659964
0.16322959265070608
0.17317141634817923
0.186666527750804
0.20345313750608066
0.22323118164106676
0.24566698784832153
0.27039832543812947
0.29703974690390667
0.3251881293725505
0.35393242353297694
0.3843388471176624
0.41341800534100104
0.4444867804293527
0.473899401003853
0.5023431220046535
0.5294456200625516
0.55485887742551
0.5782632129524886
0.5993709011152459
0.6179293530333549
0.6337238380109251
0.6465797278364308
0.6563642493519722
0.6629877336372352
0.6664043527549532
0.6666123375492836
0.6636536726643577
0.6576132679346279
0.6486176087530572
0.6368328920773935
0.6224626594827405
0.6057449441545874
0.5869489549336598
0.5663713274038827
0.5443319794330356
0.5211696163444653
0.4972369387792157
0.4728956140140895
0.44851107871393503
0.42444724747669643
0.4010612067389615
0.37869797732909494
0.35768543090279825
0.3383294454523597
0.3209093828992702
0.3056739674040917
0.29283763649799255
0.28257742859694635
0.275030460137415
0.27029203379113004
0.2684144063646184
0.2694062315027231
0.27323267865473366
0.27981621638607634
0.28903803546209283
0.30074007557916865
0.31472760949339007
0.3307723298393609
0.3486158772963065
0.3679737440115057
0.3885394833124547
0.40998915563330285
0.43198594108578137
0.45418485100823197
0.47623747388206494
0.497796694946672
0.5185213334036743
0.5380806460206305
0.5561586509864643
0.5725249620203042
0.5867833233314601
0.5987396115474566
0.6080607557013571
0.6362562832410107
0.6186603695742133
0.6195521282200553
0.6173970850852558
0.6121599779073986
0.6038465881711391
0.5925041922437062
0.5782215573897787
0.5611284738050789
0.5413948162157327
0.5192291315440297
0.49487675274708404
0.46861744326964255
0.4407625816578896
0.41165190175380706
0.3816498104811775
0.3511413124442587
0.320527578235625
0.29022120128876083
0.26064119606567115
0.2322077980536007
0.20533713314605967
0.18043583017562037
0.1578956553275725
0.1380882505940934
0.1213600600668615
0.10802752750930508
0.09837264616758154
0.09263893712711616
0.09102792574786629
0.09369617696015736
0.10075293970933055
0.11225843892022547
0.1282228403966319
0.14860590051029973
0.17331729882794936
0.202217638434029
0.23518501531488745
0.27185511065284257
0.312084418955239
0.35542940835162606
0.40160769991366274
0.45018595655497884
0.5008652978450758
0.553160748528181
0.6065769423927725
0.6607520844602667
0.7151677334232385
0.7693525918702944
0.8228368639114262
0.8751568199210816
0.9258591839759587
0.9745053109077625
1.0206751260703175
1.063970806683293
1.1040201888275079
1.1404798887390313
1.1730381309215265
1.201417278746919
1.2253760656486687
1.244711526762065
1.2592606319849757
1.2689016219923486
1.2735550488210616
1.2731845223438418
1.2677971633723877
1.2574437633746112
1.242218649965965
1.2222592565446901
1.197745393787749
1.168898220305863
1.1359789096617963
1.0992870112681072
1.0591585034681772
1.0159635384241048
0.9701038803275168
0.9220100409368939
0.8721381195284043
0.8209663580055704
0.7689914261008028
0.7168324206772481
0.6648031127145195
0.6135310626528897
0.563534163013684
0.5153576756335586
0.46950943579988297
0.42634276104840885
0.3866366394955145
0.35071406669933447
0.31901286547053026
0.2919398134731584
0.26986659061496976
0.25312607683407606
0.24200899623839428
0.23676100143809448
0.2375802243083826
0.244615332995965
0.2579641239268803
0.27767267353727165
0.30373505104660686
0.33609354723362383
0.37463960521284917
0.4192151236411212
0.46961435978109956
0.5255862899563046
0.5868374034101129
0.6530348813464654
0.7238101084048749
0.7987624606729427
0.8774633125806683
0.9594602046186492
1.0442811146958353
1.1314387779902346
1.2204350031931368
1.3107649369465033
1.4019212328338664
1.4933980863294505
1.5846951024539202
1.6753209683558785
1.7647969084829918
1.8526599052824877
1.9384656733680328
2.0217913797101232
2.10223810658429
2.1794330576938985
2.2530315110483685
2.322718524810512
2.388210404438965
2.4492559410593073
2.50563743213416
2.557171496205983
2.6037096937996416
2.6451389665429157
2.681381906242756
2.7123968650895938
2.738177917403024
2.7587546522396433
2.774191984415042
2.7845895487066192
2.7900812671549584
2.7908346779973994
2.787050105781936
2.7789598838695033
2.766827320805428
2.750945641833097
2.7316368156168656
2.7092502812818915
2.6841615755971424
2.6567708599063016
2.6275013463698595
2.5967976550186496
2.5651239115705913
2.53296205963563
2.500809760365251
2.4691783505290994
2.438590675259407
2.4095788305638797
2.382681820989708
2.35844313919057
2.3374082755991803
2.320122167913958
2.3071266016378433
2.2989575744286115
2.296142638495132
2.299198214007537
2.3086270287733948
2.3249153506173994
2.34853050746721
2.379918352556892
2.4195008416880253
2.467673717998812
2.5248043243247524
2.5912295627618462
2.6672540202423525
2.753148277803793
2.8491474197836717
2.955449757419575
3.07221577930345
3.1995673388613968
3.33758708654447
3.4863181517682738
3.6457641117556254
3.8158889573859205
3.9966179704243543
4.18783803093397
4.389398635155739
4.601113026026863
4.822759531885854
5.054083097650254
5.294796990959922
5.544584664289767
5.803101752867118
6.069978187395735
6.344820400090485
6.627213602358818
6.916724112616821
7.212901713176457
7.515282015865628
7.823388817012076
8.13673642360529
8.454831933809247
8.777177456502924
9.103272256130262
9.432614810822436
9.7647047734634
10.09904482709142
10.4351424277198
10.77250110721387
11.110663086222054
11.449149284145234
11.787512049959625
12.125283169570938
12.462039206881009
12.797359638715877
13.130838276123086
13.462083923200899
13.790720928238692
14.11638963247946
14.438746722207831
14.757465490151999
15.072236012375525
15.382765246934339
15.688777060597442
15.99001218988009
16.28622814252857
16.577199045439883
16.862715444792713
17.14258406393366
17.416627524295897
17.684684034343373
17.946607051235997
18.202264919602257
18.451540491495745
18.694330731297256
18.930546309021047
19.1601111851792
19.382962190063566
19.59904860003319
19.80833171311487
20.01078442597898
20.206390814108957
20.395145716758595
20.57705432808363
20.75213179563766
20.92040282724777
21.08190130711659
21.23666992185489
21.384759797007167
21.526228354088392
21.661146348480298
21.789586133280434
21.9116291788038
22.027363746411574
22.136884593919234
22.240292692723155
22.337694956551246
22.429203981714544
22.514937798691697
22.595019634860762
22.669577688167816
22.738744911506643
22.80265880757546
22.861461233966686
22.91529821824529
22.96431978277126
23.008679779022124
23.04853573118352
23.084048688773326
23.115383088085572
23.142706622241317
23.166190119652153
23.186007430711285
23.202335322539284
23.215353350852663
23.22524389363281
23.23219188402725
23.236384859442744
23.238012863557923
23.23726838657144
23.234357534410226
23.2294547353045
23.222771133226264
23.214508521535045
23.204870978293492
23.19406481923169
23.182298587372724
23.169774397472096
23.15672294423627
23.14335041570915
23.129874296057334
23.116514346978516
23.103492637816622
23.091033582196363
23.0793639810818
23.068713072138387
23.0593125852616
23.051396804105174
23.045202633418572
23.04096967197117
23.038940290802223
23.0393597165054
23.042476119211106
23.04854070488564
23.057807811525617
23.070535008768275
23.086983200391717
23.107416729122225
23.132103483108192
23.16131500336069
23.19532659140072
23.234417436640392
23.278870640093626
23.328973440791057
23.385017232757072
23.447297680840727
23.516114810113855
23.591773088413362
23.67458150077706
23.764853614495294
23.86290763344804
23.969066440369822
24.083657625667207
24.20701350140091
24.339471099051153
24.481372149703002
24.633063045329987
24.794894779907068
24.967222869166186
25.150407247914565
25.344812143952876
25.550805927806252
25.768760937652367
25.999053279058863
26.24206259938964
26.49817183703135
26.76776694590055
27.051236596055674
27.348971851618806
27.66136582762723
27.98881332788544
28.33171046634996
28.690454275072923
29.06544230222591
29.45707220422624
29.865741336497784
30.29184634785999
30.73578278401439
31.19794470598775
31.67872432976052
32.17851169357393
32.69769435961442
33.23665715685317
33.79578197177917
34.37544759359972
34.97602962016893
35.5979004323821
36.24142923013409
36.90698216490276
37.59491589342307
38.305604911943355
39.03940063889159
39.796659806829524
40.57773790745834
41.38298333422608
42.212764329081374
43.067429703631724
43.94733671828232
44.85284506821619
45.784321896949216
46.74212569413367
47.72663354440683
48.73822402856026
49.77728251220159
50.844203058308366
51.93938812617539
53.063250008273535
54.21621158094868
55.39870707860945
56.611182813715104
57.85409783811215
59.12792454288554
60.43314919582987
61.77027241525732
63.13980958152499
64.54229118709766
65.97826312690962
67.4482869309638
68.95293994118643
70.49281543448507
72.06852269376326
73.68068702838202
75.32994974526969
77.01696807157809
78.74241502948794
80.5069792635682
82.31136482087078
84.15629088386589
86.0417388289783
87.97071500147759
89.9417240346454
91.95629466692112
94.01521613433968
96.11929012721453
98.26933037970392
100.46616190854976
102.71062036032332
105.00355154324139
107.34580961590142
109.73825785191721
112.18176673080588
114.67721331419511
117.22548031707555
119.82745514152668
122.48402887362772
125.19609524411295
127.96454955309957
130.79028755897406
133.67420433122135
136.6171930666393
139.62014386805606
142.68394248424042
145.80946900930954
148.99759653948365
152.2491897846002
155.56510363130772
158.94618165441236
162.3932545723489
165.90713864224455
169.488633989618
173.13852286721888
176.85756783709627
180.64650986951153
184.50606634879696
188.43692899757127
192.43976166528347
196.5151980350262
200.663839194087
204.88625107829955
209.18296177843393
213.55445869980204
218.0011855661896
222.52353925915
227.1218664838011
231.79646025231614
236.5475561766101
241.3753285619092
246.27988629857433
251.2612685140807
256.3194400550863
261.4542866919817
266.6656101169812
271.9531227016251
277.31644201607014
282.7550851090547
288.26846254896867
293.85587222836136
299.51649293625087
305.2493777049175
311.0534469403837
316.9274813485815
322.87011467228825
328.8798262571734
334.9549334689762
341.0935839876198
347.29374813065095
353.55321038356755
359.86956274579796
366.2401956559348
372.66229081988695
379.1328134379282
385.648504737802
392.20587476003345
398.80119546510514
405.4304942381924
412.08954787228674
418.7738771155194
425.4787418731107
432.19913715846883
438.9297898866328
445.6651566410313
452.39942244080413
459.12650071442374
465.84003450654075
472.5333990515022
479.19970580800145
485.83180805023807
492.4223081049905
498.96356631646097
505.44771181126396
511.86665512479897
518.2121027372534
524.4755735527073
530.6484173384722
536.721835123728
542.6869015372998
548.5345890437461
554.2557940155841
559.8413645572757
565.2821305081997
570.5689323227892
575.6926565320782
580.6442672254825
585.4148404601676
589.9956029241392
594.3779602895003
598.553543217821
602.5142357789736
606.2522150884871
609.7599861620798
613.0304167287247
616.0567710099573
618.8327421907877
621.3524833134218
623.6106363339019
625.6023590939003
627.3233499749056
628.7698700198897
629.9387623279375
630.8274684808752
631.4340392570257
631.7571567514948
631.7961229960198
631.5508762511965
631.0219880712258
630.2106640614516
629.1187233339576
627.7486095471702
626.1033646434715
624.1866162645708
622.0025589376903
619.5559324956098
616.8519979203464
613.8965108211955
610.6956927762234
607.2562007820181
603.5850950691636
599.689805550654
595.5780971768588
591.2580352026423
586.7379462245094
582.026386432118
577.1321022891163
572.0639952644901
566.8310864045619
561.4424810165368
555.9073369572536
550.2348288235221
544.4341187710967
538.51432614035
532.4844992453978
526.3535888961453
520.1304237426722
513.8236875092003
507.44189816313957
500.9933890440188
494.48629195738766
487.9285222204879
481.327765629701
474.69146730459585
468.0268223500631
461.34076826630104
454.6399790267189
447.93086073565837
441.21954877161426
434.5119063220417
427.81352417695615
421.1297217534792
414.4655491464649
407.8257901765613
401.2149663042377
394.63734131569106
388.0969266849228
381.59748752041384
375.14254900928927
368.73540327676074
362.37911658383075
356.0765367921143
349.83030114987383
343.64284347971557
337.51640330360766
331.45303252522757
325.45460395985674
319.52281906881524
313.6592157307436
307.86517589476716
302.14193308865504
296.49057975914224
290.912074425119
285.40724862790705
279.9768136658562
274.62136710343935
269.3413990475757
264.1372981862632
259.00935758679566
253.95778025261012
248.98268443964116
244.08410873441773
239.2620168925432
234.51630247229312
229.84679319371102
225.25325513048122
220.73539666592583
216.29287225134794
211.92528596979423
207.63219491379164
203.41311238581935
199.2675109304383
195.19482520707487
191.19445471242966
187.265766361457
183.40809693877645
179.6207554104364
175.90302515121365
172.25416603297302
168.67341642884915
165.15999512179926
161.71310312771539
158.33192543964432
155.01563269934005
151.7633828017885
148.5743224379987
145.44758858078524
142.38230991783746
139.37760823587234
136.43259975917158
133.54639644537176
130.71810724085725
127.94683929773298
125.23169915385176
122.57179387704433
119.96623217425852
117.41412546602787
114.91458892633317
112.4667424876703
110.06971181090003
107.72262921923293
105.4246343258945
103.17487596436564
100.97251141644108
98.81670824773586
96.70664478742782
94.64151079651924
92.62050824996685
90.64285176261684
88.70776928393168
86.81450259158115
84.96230777113165
83.15045565018876
81.37823218673839
79.6449388115166
77.94989272427858
76.29242714383166
74.67189151167382
73.08765164889182
71.53908986588348
70.02560502413758
68.54661254907606
67.10154439260413
65.68984894368634
64.31099088497743
62.96445099324897
61.649725881264196
60.36632767870517
59.113783649916705
57.89163574696208
56.699440096199595
55.53676641865713
54.4031973846025
53.298327904329156
52.22176435847388
51.1731239178365
50.152032820720834
49.15812705906767
48.19105018460351
47.25044797474931
46.33598576147938
45.44732078229429
44.584118429018346
43.74604713114208
42.93278454762642
42.143988667095584
41.37933838101083
40.63850557545819
39.92116111717801
39.226974242469275
38.55561982040155
37.906747088038756
37.28002490191149
36.675111503907075
36.09166168910894
35.52932668839276
34.987754126998865
34.46658805437521
33.96546903985298
33.484034328100826
33.021918047926185
32.57875146769174
32.15416329050919
31.74777998238596
31.359226126610057
30.98812479789707
30.634097950117535
30.29676681180957
29.975752284089246
29.670675336057577
29.381157393264992
29.106820715317504
28.847288759190185
28.6021865253247
28.3711408840628
28.153780880421742
27.949738015674072
27.758646504570358
27.58014350745885
27.413869336861126
27.259467638406516
27.116585546284192
26.984873813620247
26.863986918411943
26.753583145812044
26.65332464772809
26.56287748081498
26.48191162404619
26.410100977120745
26.347123341024414
26.292660382099037
26.246397580991857
26.2080241678648
26.177233045239653
26.15372069982189
26.1371871046416
26.12733561278401
26.123872843968556
26.126508565158602
26.134955566357853
26.148929532671644
26.168148913667636
26.192334765357558
26.22121071912819
26.25450269609782
26.2919388759641
26.33324954105038
26.37816694776832
26.42642520094455
26.477760131590117
26.531909178635054
26.58861127510715
26.647606739195766
26.708637170594482
26.771445352483116
26.83577515947707
26.901371471836548
26.96798009620929
27.035347693147852
27.103221711627437
27.171350330771034
27.23948240897459
27.307378449277707
27.374766961343962
27.441409214171177
27.507056428615584
27.57146029751582
27.634373156373773
27.695534234297973
27.754723773084443
27.811682556557724
27.866165189656634
27.917926934966133
27.96672376441346
28.012312420852943
28.05445048981028
28.092896481690484
28.127409924764464
28.15775146927796
28.183683003057304
28.204967779003173
28.22137055489534
28.23265774596129
28.238597590678133
28.238960330318143
28.233518402758744
28.222046651118
28.204322547786667
28.180126434459858
28.149241778785846
28.111455448263555
28.06655800204306
28.014344001280925
27.95461233871209
27.88716658810387
27.811815374234786
27.728372764044682
27.636658679565702
27.536499333216582
27.42772768600001
27.31018392908899
27.183715989217948
27.048180058219163
26.903441146942086
26.749373663686917
26.58586201714735
26.41280124370757
26.230097658772028
26.037675484091245
25.835454200801944
25.623383599810133
25.401422082774708
25.169542919180778
24.92773502454985
24.676003750785732
24.414371689334224
24.14287948356569
23.861586646902147
23.570572382739194
23.26993640171488
22.9597997313534
22.64030551257098
22.31161977696779
21.973932198257554
21.62745681060531
21.272432686068264
20.909124562756343
20.53782341478589
20.158846954564453
19.772540057468014
19.379275098537313
18.97943686197004
18.573483889626164
18.1618568410905
17.745039316537397
17.32354239560014
16.897904214511637
16.468689378143594
16.03648820248374
15.601915745521579
15.165610697079442
14.72823401856882
14.290467400651664
13.853011505954465
13.41658399900676
12.981917363012922
12.549756505296624
12.120856155683244
11.695978064675277
11.275888010972647
10.861352630712027
10.453136083632787
10.051996574246553
9.658682748878926
9.273929992155123
8.89845664902743
8.532960200747176
8.178113425215175
7.834560573811925
7.502913598120129
7.183748460791319
6.877601565198291
6.584966338390285
6.306290001216584
6.041970558322321
5.792357639734381
5.55773524209498
5.338342307035946
5.134355307783575
4.9458907478465886
4.773004028918892
4.6156886948269635
4.473876059163662
4.347435220021493
4.236173461018434
4.139837033688373
4.058112312357707
3.990627308929835
3.9369525498461115
3.896607160763886
3.8690555467689025
3.8537139984840403
3.84995275489494
3.8570992639022306
3.8744416227005924
3.9012322007835847
3.9366914059385403
3.9800116177816394
4.030360970063936
4.086887676846192
4.148723941689695
4.214990106905027
4.284798769794556
4.357258882430363
4.431479821704635
4.506575363253239
4.581667866950904
4.655891863402365
4.728398105498187
4.798357272242879
4.86496359207162
4.927438637637354
4.985034510741922
5.03703745749668
5.082771125988192
5.121599779679812
5.152931410958127
5.176220751316964
5.190972212573715
5.1967425178451165
5.193143606838696
5.1798450111372585
5.156576287671315
5.123129254616173
5.079360053428857
5.025191017486321
4.960612324976378
4.88568341089066
4.800534110228696
4.705365501952683
4.600450420919016
4.486133603065542
4.362831427669229
4.231031222202666
4.091290076283574
3.9442331713586043
3.7905515307465314
3.6309992059578216
3.4663898511179276
3.2975926662562345
3.125527693235736
2.9511604559781675
2.775495949032911
2.59957196686166
2.4244518427765755
2.251216568112182
2.0809564117537342
1.9147620131611192
1.753715125176783
1.5988790198475833
1.4512886892186951
1.3119409482336706
1.1817845617377403
1.0617105251448602
0.9525426334384016
0.855028475517106
0.769830990216702
0.697520716485464
0.6385688631251039
0.5933413132975677
0.5620936658397939
0.5449673556952135
0.5419871879894792
0.5530596614383527
0.5779730152501645
0.6163983183402844
0.6678918636129718
0.7318987846632261
0.8077578745246685
0.8947073260412073
0.9918918242786041
1.0983702014175751
1.2134499316691139
1.3350670165305973
1.463054617766372
1.5958944666664443
1.7326286228356078
1.8711856797651807
2.011108973370947
2.1508500710732603
2.289138159977284
2.4247189049083144
2.5563645973516778
2.68288412977245
2.803132482959787
2.916019779853607
3.0205198475676096
3.1156782532649863
3.200619785143777
3.2745553541064845
3.3367882903781108
3.3867200417937893
3.423855187359752
3.4478058373912006
3.4582953294576777
3.4551612245902046
3.438357572379144
3.4079564151512134
3.3641484981844614
3.3072431499641066
3.237667294104905
3.155963553104227
3.06278740386006
2.9589033462247345
2.8451800490631944
2.7225844436327176
2.592174741824974
2.4550923670876954
2.312552798779881
2.1658353463024893
2.0162718875018477
1.8652346263260156
1.7141229471823831
1.564349467390378
1.4173254083052027
1.2746211572716126
1.1370723003763528
1.0067057290904278
0.8840428777284093
0.7708114710244474
0.6679065076240157
0.5763006037983337
0.4968462340047002
0.430264116401717
0.377133115528513
0.33788187097342104
0.31278233324536375
0.30194535937657396
0.3053184688040311
0.3226858597160245
0.3536706112596408
0.39773927480807014
0.45420850308395183
0.5222538264934619
0.6009203471728062
0.6891351869541252
0.7857214825582315
0.8894136987909134
0.9988740144736826
1.1127095263311042
1.2294900128622688
1.3477660028717022
1.4660869011428606
1.5830189358812017
1.6971627080948963
1.807170141066312
1.9117606475237638
2.009736352166906
2.0999962270283734
2.1815490152453423
2.253524841885117
2.3151854109026484
2.365932724715158
2.405316253052772
2.4330384996017433
2.448958919694495
2.4530961498700607
2.4455739606811444
2.4268927962643905
2.3973812093033886
2.357736629857434
2.308746012150237
2.251332036784812
2.1865429979108164
2.1155409671377825
2.039588289510765
1.9600324893043206
1.8782897019549658
1.7958266859625227
1.7141417688190463
1.634744667180457
1.5591355957070445
1.4887837983423713
1.425106103035036
1.3694450564467366
1.3230479931337777
1.287046620974059
1.2624378008700419
1.2500658149458541
1.2506064780836257
1.2645534526193605
1.292207022568932
1.3336656522147479
1.3888203935554382
1.4573526698758261
1.5387350492049454
1.6322354266998125
1.736924438382111
1.851686040496787
1.9752311275998533
2.1061139225941643
2.2427509594722714
2.3834422963502893
2.5263946465276343
2.6697460617353737
2.811591790148884
2.950010925192969
3.0830934630275535
3.2089673958536524
3.325825483541376
3.4319513661600634
3.52574470331441
3.605745534918433
3.6706545517834615
3.7193570116616166
3.750939002782077
3.7647044977427297
3.760189445180736
3.7371733570797567
3.6956882476388926
3.63602479188302
3.5587355833964915
3.4646353816345283
3.354798251297385
3.230551510390163
3.0934679920775965
2.9453472325486207
2.7882087122914245
2.6242637930026618
2.4559057930649417
2.2825346203193697
2.1162060782814405
1.9502634389684432
1.7906380751539401
1.6401462747611713
1.501585067310263
1.3776933311258273
1.2711123208673705
1.1843461240946989
1.1197227476768201
1.0793565173419006
1.06511249591635
1.078573622004464
1.1210112466164577
1.1933596999152578
1.2961954541723686
1.4297213674189093
1.5937563628353157
1.7877308651127333
2.0106880511431724
2.2612909822785583
2.5378354702834356
2.8382684328605325
3.1602113752742578
3.5009885332099686
3.8576591277455625
4.227053118493581
4.6058097969021246
4.99041853861545
5.377261030888504
5.762655772285283
6.142895328934516
6.514298174220192
6.873244378942706
7.21621755866525
7.5398434167994886
7.840926094727251
8.116482043711274
8.363771190146425
8.580325215868777
8.763972817561676
8.912861843192971
9.025477295850035
9.10066073992667