0.000024779113741889047
0.00002463167910124775
0.000023280776364939114
0.000021182265014396673
0.000018775689632356587
0.00001631274801820127
0.000013955708995927019
0.00001188428572094961
0.000010254177796336705
9.107578392445964e-6
8.360328812587067e-6
7.861640206145114e-6
7.463282226916992e-6
7.063963833607631e-6
6.625824980110477e-6
6.167605461032446e-6
5.741365610752922e-6
5.403317941348157e-6
5.18944994432153e-6
5.1024947568752865e-6
5.112101224618005e-6
5.166817668986646e-6
5.214312459910948e-6
5.22455205789861e-6
5.209474560039114e-6
5.231974213987583e-6
5.397215654447675e-6
5.822508051051815e-6
6.589863291108192e-6
7.694996179246186e-6
9.01170152544715e-6
0.000010291138622904188
0.000011216353912944594
0.00001151694112587484
0.00001108406180568167
9.963253799521285e-6
8.206861437393812e-6
5.825601369367905e-6
3.0701739769550613e-6
7.616267895565792e-7
4.760431984545813e-8
1.5677085653027572e-6
4.908834008929998e-6
9.008811629531997e-6
0.000012996028176411105
0.00001651339085469891
0.000019403061718012296
0.000021396277920458348
0.000022204395884376245
0.00002178509213127461
0.000020438573392436047
0.000018684137586511245
0.000017063914384702337
0.000015988533613460456
0.000015656464431817786
0.00001604648264065201
0.000016973733449005996
0.000018185630795962735
0.000019463654723717807
0.00002070163103549858
0.000021944525131837624
0.000023383979513304434
0.00002531475358746477
0.000028062459120029304
0.00003189927549011946
0.00003696984001044184
0.0000432530162740153
0.000050585190615439764
0.00005876280198359991
0.00006772073337041372
0.00007775154922403624
0.00008970307654983218
0.00010508069503343405
0.0001259753109668089
0.00015473041410831947
0.00019332076344384647
0.00024265068723727532
0.0003022633019556446
0.0003707734285947874
0.00044644741577574965
0.0005266876579804272
0.0006061968334547731
0.0006758652723702995
0.0007249873343916426
0.0007464149123533384
0.0007405380361808261
0.0007143633218050442
0.0006766656349404103
0.0006338623155998009
0.0005897478296238884
0.0005477891478757846
0.0005125842736883536
0.0004889411749495209
0.0004798338932023134
0.0004851998813358271
0.0005022818441572049
0.0005269208683089206
0.000554947228372747
0.0005832169584810582
0.0006102025189958817
0.0006361527606077383
0.0006628499816427624
0.0006930426006053419
0.0007297041290742376
0.0007753000948450205
0.0008312177791055004
0.0008974574531534717
0.0009726293425329317
0.0010542571737638313
0.001139350064702914
0.0012251636851078594
0.001310031968795066
0.0013941192352090205
0.0014799234089977432
0.0015723570953702953
0.0016782558224937671
0.0018052340219958758
0.0019599472606771006
0.002146010946975513
0.002362014568618292
0.002600182086669055
0.002846229377460428
0.0030808965453329538
0.003283525791957949
0.003437799053047816
0.0035390395534452197
0.0036011754925340343
0.003660209725819535
0.0037714108047723436
0.004348690501223801
0.004749018810099516
0.005592099179931746
0.006365256416926495
0.00756779865667449
0.009616603072794834
0.012303331414052302
0.015894226982050938
0.02056099926840337
0.025985883046876403
0.031804738394789
0.03760557281981988
0.042954070262333124
0.04754149034661816
0.051193916141338794
0.0538838333368741
0.05569901689942494
0.05681903032771018
0.0574724846994627
0.057633158539619256
0.05751333537070645
0.057367104286620965
0.057185764628833735
0.05660970076487579
0.0569090270754963
0.05686640906110685
0.05690481769654614
0.0569167294951861
0.057094105204926235
0.057525258698396656
0.05795828442294616
0.0584754480594339
0.05912317155935336
0.05993346695006387
0.06095429461603455
0.06225363610688572
0.06392334663149746
0.06608228044522926
0.06888578070620975
0.07248491709219122
0.07709504277443646
0.08295447147144328
0.09133384233927175
0.09935727040855202
0.11037130466392878
0.12355108359150546
0.13908167542876826
0.15711210855042515
0.1777510978765166
0.2010668515034209
0.22709111611021757
0.2558096231634189
0.2872371462486956
0.3213428385079016
0.35808362476464595
0.3975420389909729
0.43974571534592743
0.4848015950116728
0.5328763658727514
0.5842038013920817
0.6390900949747591
0.6979175205921035
0.7611469585449621
0.8293197487858979
0.9030593570243942
0.9830734745311912
1.0701568966771298
1.165195632986418
1.2691726525863132
1.3831754222411967
1.5084061835805276
1.6461946777355985
1.7980139470340986
1.9655003208760402
2.1504776259788887
2.3549864712298993
2.581319633206854
2.832064328126166
3.1101523152674186
3.418918681390823
3.7621699860953424
4.144260132059671
4.5701866223735905
5.0456720836958855
5.577275282732096
6.172502684941696
6.839907531830289
7.5892040644783165
8.431323301942639
9.378506862244022
10.444345441264218
11.64375029154189
12.992891691216045
14.50906211387873
16.210458418363373
18.11587299134758
20.244286713247114
22.614360828982704
25.24384490015702
28.148818540339395
31.343020421603246
34.836990291073164
38.63722133537249
42.745409429592556
47.157742906226794
51.86434322441839
56.84890003932137
62.08854714499524
67.5540111492298
73.21004287012505
79.01605734011459
84.92731518184715
90.89547186592856
96.8701071854787
102.79958413602577
108.63188881154446
114.31523425182596
119.79835568942511
125.03050778822782
129.9612013808069
134.53974568430561
138.71467681983012
142.43315268586463
145.6403853887725
148.2791699814519
150.28955727413313
151.60871529847833
152.17102789624306
151.90849198460864
150.75149367645903
148.63007110713838
145.47580321354982
141.22450261002402
135.81993235376646
129.21881097159812
121.39741007592463
112.36007378976683
102.14997851024786
90.86237070180576
78.66031386267741
65.79256018543508
52.61242443376813
39.59534851070954
27.35111836103402
16.624515580288083
8.276232375462902
3.2351371065096393
2.416894801554238
6.614347238406134
16.382355515534456
31.957145333620534
53.249420077365556
79.92118036348644
111.51226890300293
147.5616751516772
187.68651535139213
231.61421720942397
279.1824193631938
330.32289946690014
385.040473695731
443.39242976645966
505.4706085977993
571.386421659286
641.2582318843669
715.200168754042
793.3113317280333
875.6643355697851
962.2922129933729
1053.1728010511054
1148.2099066346864
1247.2108023122923
1349.8599839571918
1455.6896799947365
1564.0483800308314
1674.0696742575392
1784.6449191879215
1894.4045335455623
2001.7137956975766
2104.6894361251043
2201.242597805027
2289.151457434739
2366.1629624413335
2430.1180797337847
2479.089898576387
2511.5199631369806
2526.3365421285903
2523.0398772043623
2501.7426641348325
2463.161046096272
2408.556602708249
2339.637559058815
2258.432021103608
2167.1491215396677
2068.0440693119285
1963.300470577457
1854.938845993531
1744.7549881025745
1634.2871604096772
1524.8078123767002
1417.3338120624064
1312.6489490454974
1211.3331741522666
1113.7942335272446
1020.2986438039605
931.0001172651096
845.9644804020355
765.1908229448267
688.629102852687
616.1947613965642
547.7811244364258
483.27051129413564
422.545067519164
365.49838160223607
312.04891433505566
262.15608787791865
215.8393835425339
173.19965212356738
134.43949507755565
99.87538266055105
69.92831483801858
45.07584677673603
25.755382090062938
12.234421567790704
4.495052073312717
2.1849325736859235
4.653727845917624
11.05131417898134
20.445111457021373
31.921379731754186
44.654836143942575
57.94538110627246
71.22931619990608
84.07383271433837
96.16238639555408
107.2763659226807
117.27642149520099
126.08528765811621
133.67291975836108
140.0441540850441
145.2287712546808
149.27368784108944
152.23694987142432
154.1832063711628
155.18037285488896
155.29723671770574
154.6018007708462
153.16020155428197
151.03607527829507
148.29027533998178
144.98086863249836
141.16335575159127
136.89106955848962
132.21570744504533
127.18794632834502
121.85807604342814
116.27657374664369
110.49453478425552
104.56387848290113
98.53726727017786
92.46771081094737
86.40785552044984
80.4091104711733
74.52041570956047
68.78723618616124
63.25041918357668
57.94529732636546
52.90101528285442
48.14013570091273
43.67853536022552
39.52557547991016
35.684509668070156
32.15308001663426
28.924258886077148
25.986992473540532
23.327163395813827
20.928277641579538
18.77230187470239
16.840340443728962
15.113237197771982
13.572076404935064
12.198581669748899
10.975416463738272
9.886393893491753
8.916606137190943
8.052479101105202
7.281797275556796
6.593657581754671
5.978373787890522
5.427418031357332
4.933306087462305
4.489496427193021
4.090274495327489
3.7306459946086097
3.406254381604832
3.1132838820157187
2.8483844138967807
2.6086039265503715
2.391330078155585
2.1942406205685874
2.017090100366555
1.8525324815997313
1.7043773185612243
1.5692809731016708
1.4458699288507897
1.332897107136593
1.2292296618639464
1.1338399647262059
1.0457989687464568
0.9642717032798819
0.8885144940988188
0.817873494684666
0.7517839802254722
0.6897700504082702
0.6314438408864204
0.5765037873502423
0.5247312330048519
0.47598474242848526
0.4301916926291636
0.3873369293844819
0.34747463895934905
0.3106010387284362
0.2768139163688963
0.24616802111653552
0.21869213358765005
0.19437526238127542
0.17315690951763332
0.1549156093341833
0.13949290300516143
0.1266704786290191
0.11762488541314031
0.10779159037171204
0.10118084163869365
0.09605126286104383
0.09213142636862216
0.08918994805574325
0.08701408896726075
0.08542755394945736
0.08428937742606023
0.08349164525312766
0.08295560365955928
0.0826268864328535
0.08247047875512185
0.08233524069315784
0.08247104867176257
0.08287636777169932
0.08328540367219904
0.08382692406017622
0.08449320039608466
0.08537685968954983
0.08611352638970274
0.08697535236609602
0.0877588566402202
0.0884468928467716
0.08855016089676972
0.08797275556565162
0.0865123917489507
0.08379900361635777
0.07958638652432223
0.07375912698523185
0.06640740792015326
0.057868512432214955
0.04870618583039722
0.03960795980851148
0.031274477917704185
0.02423944216765299
0.019151678493444936
0.014907845047289914
0.012168534596885458
0.010482603940738489
0.009411919443865914
0.008684874956695579
0.008124243007933124
0.007185503619270761
0.00657281509956344
0.006529304643759233
0.006258439820938736
0.0058251810625792756
0.005402885804773304
0.005009618174096041
0.0049519293811793475
0.004585397115696307
0.0042503333287741306
0.0039563107819425725
0.0037054273141016022
0.0034935685328007335
0.0033123879943683645
0.0031515185249432537
0.002967136958436446
0.002820043058458008
0.002671165424575891
0.002517053971157068
0.002358788718981048
0.002200882655017922
0.002049714222380107
0.001911816563582944
0.0017923244012657854
0.0016938253094505983
0.0016157897127661918
0.0015546764104480194
0.001504726592352845
0.0014593500373508254
0.0014128632915122064
0.0013622004083679688
0.001308166250488252
0.001255889938549713
0.0012142842925077718
0.0011943810526476564
0.0012064614743566432
0.0012563786529217469
0.001342608002450034
0.0014563543788460155
0.001585539908700949
0.0017196139685648477
0.0018498641267676958
0.0019638394157073364
0.0020403712501703636
0.002053923827432604
0.0019882029355722296
0.001847642043614091
0.0016556402532417103
0.0014412294055075403
0.0012264464171354694
0.0010234407703163602
0.00083904181874524
0.0006789095803694771
0.0005474383852460928
0.00044562540850097215
0.0003702967675674549
0.0003154526015971191
0.00027441278520859175
0.000241491404071618
0.0002128210885298372
0.00018646739476416472
0.00016205971706354633
0.0001401579406398992
0.00012158008462492963
0.00010687920087585964
0.00009606635289470875
0.00008858152030780244
0.00008345536779316958
0.00007958194856649862
0.00007601935790501173
0.00007224284806521905
0.0000682898269717962
0.00006475433401048375
0.00006261009351000733
0.00006287685858268689
0.00006620158020812327
0.0000724816342951402
0.00008066760895368384
0.00008884041161564535
0.00009461592815494633
0.00009588333583857059
0.00009165523946192981
0.00008240017120379135
0.00006932342190007945
0.00005326744834494555
0.000034943882030568186
0.00001677061261081769
3.650002714998197e-6
2.9719594856378815e-7
7.269802923183534e-6
0.000020386289391172177
0.000034293372576177245
0.00004592478346822807
0.00005457539079842536
0.00006004790771721844
0.00006183035688539566
0.00005974638970848843
0.000054595378679076054
0.00004794433185965197
0.000041456384550262446
0.00003634386634612332
0.00003314122039039468
0.000031745065622742736
0.000031627980745931394
0.0000321249218933498
0.00003268793967913771
0.000033038179807220116
0.00003319800758524342
0.000033425238095304024
0.00003408689287693739
0.000035513197741580214
0.00003787196898823134
0.00004109915201676419
0.00004491251858459653
0.000048920913089193826
0.000052814732034986
0.0000565844834763606
0.00006068476409179629
0.00006606450248418583
0.00007400225614440035
0.0000856965391322213
0.00010167483253675408
0.00012140448399185926
0.00014359561118294095
0.000166912525204421
0.00018987517690061953
0.00020965277452504588
0.0002217638978939724