5.226287296365713e-171
4.116502867736874e-172
5.364316885767045e-171
4.7782174011112615e-171
1.2621919649241026e-171
5.460525002433518e-171
2.17532985927993e-171
4.856838799610075e-171
1.6914440673755943e-172
6.660614620979569e-171
5.183214370698554e-171
1.0781901180800459e-170
5.58882483885789e-171
3.1512299490162733e-170
3.149776862938926e-170
4.234619923758091e-171
1.1431075416346263e-169
2.14963171666499e-170
8.325284967291881e-170
1.4321272291899742e-169
1.4026952048865604e-169
2.1076634538655896e-169
2.280561038444037e-169
5.761415755946411e-169
1.5124606404545157e-168
1.8870259688715784e-168
6.780823252751167e-169
1.5845426883518891e-167
2.76780793545584e-168
1.6675492396468324e-167
6.085836333689945e-167
1.0181331378376393e-167
1.6550644429030504e-166
8.576691863016018e-167
3.5131850368240506e-166
7.123535674324807e-166
1.1189687200140174e-165
2.0136372862391615e-165
4.261050113539665e-165
1.1608352282817672e-164
1.1515944307649452e-164
6.1962498791922684e-164
8.900874077191e-164
2.8811698761638123e-163
3.6902892839823547e-163
4.01501267001603e-162
4.022605733474465e-162
5.283532167952485e-162
5.154157208770874e-161
8.175131908068381e-162
5.395271034310838e-160
3.2494147732038614e-160
8.575038658306018e-160
7.783814198273457e-159
2.7112121241163605e-160
9.607084655747953e-158
3.0762592108111256e-158
2.6498853804023628e-157
1.108330821868741e-156
3.8133375022846726e-157
2.393885928313808e-155
2.2034142661677682e-156
1.509218270229747e-154
1.7316569639831232e-154
3.851961264580317e-154
4.677801278929429e-153
8.619718143024737e-154
8.489793847513903e-152
4.401122521949008e-152
6.648399297653792e-151
1.2825531433613836e-150
2.6918957408527505e-150
1.5088434924123674e-149
3.773919916774728e-149
7.021965691519744e-149
9.817606350461114e-148
2.0613025430290515e-148
1.2818889559311537e-146
3.8673133808907447e-146
1.0160290892670594e-145
1.2204720668235984e-144
3.5179132955698695e-144
1.6468869403106935e-143
1.5016767411375937e-142
9.177482014467657e-143
2.9286593730326945e-141
3.3477160505636275e-141
1.645453745925403e-140
1.675633803621828e-139
2.1392187619688338e-139
2.807800676733612e-138
4.1626094819078037e-137
5.987335099135633e-138
1.60866725741759e-135
7.400228048045914e-136
2.0228561163001461e-134
5.838119469326816e-134
4.301966175483193e-134
9.756908440983487e-133
2.0781862725449997e-131
1.1392925066348403e-132
7.920867643231399e-130
9.472189107992797e-130
4.9885697606060995e-130
3.9219937493075254e-128
6.133272239620867e-127
1.7654633097469735e-127
1.6891642778020275e-125
2.379780534524207e-125
1.6987160000915017e-124
1.7079360262015664e-123
1.0008573167521814e-122
5.914507327440402e-122
3.7668799872812345e-121
1.0860210480985166e-120
5.0953370522065556e-120
3.0328713138172106e-118
1.6562042610461582e-118
9.554112756602946e-118
2.2055714993499806e-116
1.87349839208045e-115
8.979461002341835e-115
6.084344288528789e-114
2.2173802936633707e-113
2.2795466812029069e-113
3.8761201399691444e-111
8.464951874803e-111
5.729257808737555e-110
9.668169836255413e-109
2.8745713376904522e-108
3.917689266916417e-108
1.0175630246346253e-106
1.5397801851803652e-105
6.308400216307658e-105
2.2305096874220213e-104
1.4514593443060648e-102
1.82386017646457e-102
1.2552214731903465e-101
3.9623269097290663e-100
9.485865919363504e-100
1.1379462083971949e-98
5.421579891050306e-98
4.095643009751274e-97
5.877385367469249e-96
6.299539940193264e-96
1.4206099433034686e-94
2.723781769282424e-93
2.1714043347707886e-93
4.4265658479998515e-92
1.254068050953455e-90
2.444860582351117e-90
2.3073325273188206e-89
4.4487639334390844e-88
1.409137820439667e-87
1.2475727386206168e-86
7.807418265388451e-86
3.2536362544935476e-85
4.604157473601013e-84
1.5282032034549891e-83
3.884901313503901e-83
1.360651792560166e-81
4.591663461976398e-80
5.632586503165713e-80
1.2227577579074734e-79
4.158863589865841e-78
4.237272613216241e-77
1.383768861313704e-76
1.8310972001332317e-75
3.720135235906667e-74
1.076759619905135e-73
5.717937410368784e-73
7.44590068398578e-72
6.158987570314851e-71
2.566863340817853e-70
2.2549230090062524e-69
2.1340291165335176e-68
8.188420449066052e-68
4.4515614748281143e-67
6.153335085877775e-66
9.941960292866879e-65
1.796933336594935e-64
2.516492013721793e-64
1.2567316037110585e-62
3.630032152741512e-61
5.322506480037057e-61
4.736061315330141e-61
1.387564673732049e-59
2.6409826725727617e-58
2.4944956610989208e-57
6.692417816033049e-57
6.453056205932543e-57
3.266162441276934e-55
6.907168694912812e-54
2.2493653894428337e-53
9.499920358616978e-53
2.0474787660041222e-52
4.452793555473864e-51
5.688033718641773e-50
2.7825196691939192e-49
1.1978612291238308e-48
3.4871505770621273e-48
3.802933625353255e-47
4.946783619192628e-47
4.4927839400084355e-45
1.130991947257896e-44
5.82183288285087e-44
1.8900649097173723e-43
2.5049736668876393e-42
3.060741550146511e-42
1.668985364729187e-40
4.289730711404847e-40
2.228401626082816e-39
6.811518341863079e-39
5.697358802231874e-38
1.7155113376776614e-37
4.577080377182132e-36
1.6004944245750462e-35
5.91647435559416e-35
2.526487039591816e-34
6.409825005013148e-34
5.075588505556087e-33
2.3659162305680202e-32
3.071837204207032e-31
2.3874630270983713e-30
5.077048772876496e-30
1.9624114775159068e-29
5.046847995135596e-29
9.451013088546158e-29
1.0070295770204828e-27
6.899161278425604e-27
5.253039133765257e-26
7.353845966473123e-25
1.358233630134764e-24
3.4785670292623276e-24
9.062406023727467e-24
1.1604696582262125e-23
8.768946791916577e-24
4.267967676828227e-22
3.562812859179832e-21
1.7182200787021153e-20
1.4799672032371312e-19
9.702488395863434e-19
1.4079278314502807e-18
1.6654943884183167e-18
1.2273608552351776e-17
2.7420546402249832e-17
7.619487602318816e-17
3.511471881004505e-16
1.9377857037550196e-15
7.769873372946582e-15
2.3763148904903117e-14
7.062175850736236e-14
2.3249541936926086e-13
1.0764696653159308e-12
3.2097972054865944e-12
3.0617723677596763e-12
1.2319969104746353e-11
1.770597686017592e-10
7.257218417983103e-10
1.547073519940102e-9
2.390889455509471e-9
4.66524804373275e-9
1.1685298013723284e-8
2.313304903610942e-8
3.558404971029351e-8
5.1569585931130496e-8
9.361929209051975e-8
3.669691223200594e-7
1.8935024193915958e-6
7.5683546256418005e-6
0.000022815706428090196
0.0000557352706331401
0.00011905965776535557
0.00023427064314305134
0.00043185125420014
0.0007653665824509982
0.0014459201753928273
0.0032388613674635405
0.007245358006320526
0.01512143083675008
0.03171383287541586
0.07074967429228679
0.16922177123639576
0.4215984464157495
1.0350560381939362
2.3814795257930683
4.96415158228994
9.167790194325054
14.718958075665586
20.061011736738216
22.31339643597083
18.837291811102542
11.207063659730277
11.317426052065896
47.44625049525541
165.4429212838956
418.2490247992426
841.162934248189
1424.9664098659216
2109.027699686157
2798.0221116454145
3379.8586014880575
3727.4595016656813
3689.0626025867114
3092.401555950237
1845.3084497394927
361.0814776831103
316.81148139282595
3491.2057216767507
9433.33035268712
17624.58695482034
28257.055071090388
41195.66851807952
54405.99798597023
62608.762692398726
60627.01254101738
49847.643298676674
36297.45713515585
24103.354622781204
14384.511892119417
7013.05088951289
1961.6666988128104
12.786065690161633
854.1643932131523
2366.7653523909667
3384.049368742528
3759.0545420458416
3638.0988244394143
3189.542586572148
2555.057261337764
1855.451434667923
1197.9133288182773
667.8115284825726
308.1694196389633
109.82791005536546
27.62971926781087
9.010874160019673
14.022627723800321
20.84415985697589
22.093312472631688
18.34053401844107
12.639123253321674
7.4667947191355255
3.86178033032576
1.7825176973081445
0.7533245534118524
0.3033059215721493
0.12288185189274087
0.052659388861123715
0.024286239231722406
0.011599918197174253
0.00557291290157595
0.002384599366119483
0.0011356934613105225
0.0006259428093202046
0.00035079866571588307
0.0001861060971898033
0.00009217960573666872
0.00004144947764041288
0.000015876406001072634
4.789795215618707e-6
1.0752503849587902e-6
2.0788685371011273e-7
7.157594495965864e-8
4.5424406146012745e-8
3.140270662906587e-8
1.8997595190920894e-8
8.600189607203104e-9
3.5132574422077294e-9
2.095463280902417e-9
1.26367499868364e-9
4.886887977241661e-10
8.312734086128648e-11
3.612081911131625e-12
3.794950198979972e-12
2.443518801706988e-12
6.321405015805798e-13
1.481052739419572e-13
4.904320205071236e-14
1.6426974314009937e-14
5.073576235632862e-15
1.0909056341931399e-15
2.007936952663415e-16
4.948650708824591e-17
2.2820943752177555e-17
7.138941938651424e-18
1.0767738723727844e-18
1.5786613033581213e-18
5.828925140356649e-19
6.451090829314515e-20
1.061907005925709e-20
1.803556344267178e-21
1.7438351292594453e-22
4.56602106937142e-25
1.333671777315227e-23
7.343286825779061e-24
2.2195526852758356e-24
1.3151764882022534e-24
4.0081507970333895e-25
1.5901719851208094e-26
4.798808966632883e-27
4.071033001860038e-28
6.220765361673627e-29
4.348466797117951e-29
1.3412482605204858e-29
3.605907969998332e-30
1.755200326945734e-30
5.115768711227837e-32
2.2800352981168084e-32
2.1287221104709787e-33
4.65730401503552e-34
1.7135648076131095e-34
3.6923299203710954e-35
1.4630636580841932e-35
1.0201222314571938e-36
2.3936842717029277e-37
2.3162053686599866e-38
5.030633434874767e-39
1.3693038601574572e-39
2.7783978854545422e-40
1.0658456056489485e-40
2.8866495851979853e-42
9.834078869778965e-43
1.2510374463205178e-43
3.743535242154817e-44
7.388607502130065e-45
2.5851215389094632e-45
1.2177996690670726e-46
1.340126013974438e-47
3.1160493427227574e-48
7.894052988153874e-49
2.990569879391007e-49
6.184035702243053e-51
1.7348442688464652e-51
1.5649312090362463e-52
6.901990411968728e-53
2.6273727931626193e-53
1.0692046427548284e-54
1.0810480790284563e-55
8.572137978292241e-57
5.512111129726957e-57
3.093121130094892e-57
9.006871104827868e-59
3.559369589752314e-60
1.0254965642187399e-60
3.8873666222028614e-61
1.1932471074661188e-61
5.47817342465344e-63
1.4387171415146847e-64
1.0942382024477856e-64
7.850330229019999e-65
3.423800707798876e-66
1.665999535615726e-67
6.336389735033253e-68
2.543728687177733e-68
1.3795790999958059e-69
1.3761631314067354e-70
3.1398859545353527e-71
5.328534421993097e-72
4.600000590813103e-73
7.598163559838891e-74
3.429674744944632e-75
5.06556021956188e-76
1.4719045731202827e-76
6.86505414310047e-77
2.4272691624611637e-78
1.3554761379738959e-80
4.9578859466129675e-80
1.6860001868056755e-80
5.494188974095366e-82
8.176831238799437e-83
6.396274222788401e-83
2.8589531570559817e-84
2.1649838437562982e-85
1.3618041889090275e-86
6.017951461738964e-87
9.53610043528451e-88
9.041590451918123e-89
6.714724868706072e-90
2.4048652010116145e-90
8.229007515670158e-91
1.1038789002406698e-92
4.382277865039754e-93
2.580917486434768e-93
6.784759059186166e-95
1.443785253523136e-95
4.750050268800175e-96
2.9430411183486563e-97
7.365396459728665e-98
4.7589770389110974e-99
8.810636216438028e-100
1.7866845796716947e-100
2.567723026177328e-102
2.211116513987809e-102
3.099786778155169e-103
4.118414291242723e-105
7.66263541320409e-105
1.0554969560077173e-105
1.3310859036189667e-106
3.85208635432059e-107
3.3275068818846082e-108
1.012592633553524e-108
1.4159777063219196e-110
1.0390339025832052e-110
1.349807311436556e-111
5.779456912958302e-113
1.2042619033368687e-112
4.562621704502997e-114
5.54823802540773e-115
1.0262583730955207e-115
3.050310886103341e-116
2.4544837732486042e-117
4.250708471569711e-118
1.0311035876118215e-118
1.2856965028898314e-120
6.43316508112452e-120
3.431329365493035e-121
4.24946827713457e-122
7.12513374509601e-123
4.0452279877565356e-123
9.108088616827038e-125
4.480095944113457e-125
8.147341738460729e-126
9.324893300203278e-127
3.588495037055433e-127
3.8728091185019857e-128
1.2223430180899062e-128
1.6733305469610003e-129
1.676444499591309e-130
2.2880598451506104e-131
1.9403243581838436e-131
6.259651204995906e-133
9.254268685061886e-133
7.112035117572109e-134
1.2728294433786334e-134
2.5262638899691457e-135
4.4264653479858596e-136
3.775232969784742e-137
4.157780460317397e-137
3.076770025303942e-138
1.5139097168723862e-138
2.7017059738339488e-139
3.5053594502363957e-140
1.0586682049462101e-140
2.174349441744657e-141
4.702641666473686e-142
1.3976434920091944e-142
6.175877794834454e-143
3.595996515746877e-144
6.2461172524024e-144
8.910323007705872e-147
3.623371404630775e-145
1.167240823137043e-146
1.2436900016319666e-146
1.8742420978950032e-147
2.472974649828701e-148
1.1826582141081358e-148
1.7963887325647662e-149
3.7918737372417383e-150
2.46878113692192e-150
3.009126441270152e-151
1.8643495888641316e-151
4.308938336038403e-152
1.304528677379382e-152
4.931579804529016e-153
9.157097560701365e-154
4.78057721823093e-154
4.999234645201666e-155
3.0228662539136846e-155
1.4648509802072473e-155
4.5315724481221694e-156
1.747064004180281e-156
3.484185967946305e-157
1.6201148980571512e-157
4.857301858044042e-158
1.85675380660265e-158
9.618862272485185e-159
1.6668045132545677e-159
1.3382667155452703e-159
2.5589538954060062e-160
1.6362685741194103e-160
6.7540864760524416e-161
5.568678296134028e-162
1.407308161131947e-161
5.020125210720145e-162
2.4617125975774397e-162
5.2114510461383815e-163
5.966776507219628e-163
1.5860813873288496e-163
1.2991878803014118e-163
6.166149751369315e-164
2.833808150257782e-165
3.973004821384615e-164
2.3597757358159617e-165
2.4742828794738673e-165
3.801445873834094e-165
1.3853033131885406e-166
6.212246162500878e-166
1.4085614278265514e-166
1.1973536573231036e-166
4.1590585841819664e-167
3.2008351864684847e-167
1.879736921208165e-167
6.776409470723666e-168
7.607734302671741e-168
8.026389491391626e-168
3.84784094445447e-168
4.521177904242475e-169
5.285673098596083e-168
3.832155989406166e-169
6.319411831339083e-169
1.3330808722326048e-168
1.12317595726631e-169
2.5270699610215872e-169
1.6416348632416286e-169
1.4736850001447136e-169
2.8282000006670067e-170
8.771242124445792e-170
3.327317562044894e-170
9.863994562143976e-170
2.9943552303661626e-170
3.8660324944185845e-170
9.29377451622724e-170
1.5023817086986603e-171
4.820480280695789e-170
2.7413025938875116e-170
2.3258725078650856e-170
7.610748669015717e-171
1.98462096607257e-170