1.0131077597106752
1.025131348508318
1.0344610239068759
1.0410335258604095
1.0448168780758396
1.045810493833988
1.044044419334301
1.039577710709511
1.0324959938136729
1.0229083206942498
1.010943501048405
0.9967461357298679
0.9804726001485112
0.9622872135547047
0.9423587900129056
0.9208577087462236
0.89795357746061
0.8738135022590767
0.84860092844312
0.8224749811246478
0.7955902136618969
0.7686571223254342
0.7401401215869524
0.7118625164705519
0.6834023572086575
0.654895158047624
0.6264738123916898
0.5982688829116662
0.5704087908473007
0.5430198968987726
0.5162264738588176
0.4901505769687319
0.46491182211589843
0.44062708465394285
0.41741013304205693
0.39537121189579005
0.3746165886573867
0.3552480771701122
0.3373625502005651
0.3210514515793871
0.3064003172575712
0.29348831328430125
0.28238779754178517
0.2731639110308252
0.26587417197141994
0.2605682610275408
0.25728755566038486
0.256064987151631
0.2569248129869159
0.259882461809206
0.26494442736722984
0.2721082119746572
0.2813623195658322
0.29268629804160534
0.30605083024432034
0.3214178725858926
0.3387408400792244
0.35796483629323506
0.3790269265668767
0.4018564526774264
0.42637538279290504
0.45249871862250446
0.48013490289404687
0.5091862911449421
0.5395496422787377
0.5711166406220162
0.6037744454346111
0.6374062657549293
0.6718919583794769
0.7071086466547591
0.7429313575898503
0.7792336745606276
0.815888402548042
0.8527682424048048
0.8897464700599792
0.9266976158604896
0.9634981384811289
1.0000270871536143
1.0361667455840504
1.0718032510841777
1.1068271833097767
1.1411341185931028
1.1746251479596699
1.2072073591050985
1.2387942843465622
1.2693063174067036
1.298671101641816
1.3268238911368013
1.353707884401681
1.3792745287997696
1.4034837928295256
1.4263044032487406
1.447714044752676
1.4676995212342643
1.4862568791835937
1.503391504165575
1.5191181405797352
1.5334609670317245
1.5464535630187053
1.558138893403798
1.5685692655337835
1.577806269366481
1.5859207176410999
1.5929924973612242
1.5991105597062463
1.6043727485992616
1.6088856930983337
1.6127646745936104
1.6161334653615713
1.6191242458715354
1.6218773400399575
1.6245411054914625
1.6272717337811407
1.6302330553620725
1.6335963340224455
1.6375400508483686
1.6422496777761095
1.6479174407447648
1.654742072330649
1.6629285535326184
1.672687844087256
1.684236600340683
1.6977968793129818
1.7135958271899043
1.731865350093084
1.7528417646381138
1.7767654255061571
1.8038804502721617
1.8344337125487042
1.8686754301231783
1.9068578055697247
1.9492347391033638
1.9960613124002022
2.0475931284816404
2.104085638900978
2.165793417768912
2.232969378979792
2.3058639330065596
2.3847240797005123
2.469792433681536
2.561306179151954
2.659495910734235
2.764584601606405
2.8767860881761225
2.9963038819361314
3.1233297000741986
3.2580420205833445
3.4006042511804386
3.5511634462303863
3.7098483089345327
3.876767568725567
4.051997189121877
4.235621572881083
4.427667637939694
4.628145070986055
4.8370339794655655
5.054282960698271
5.279807200676747
5.513486622115009
5.755164102557272
6.004643784301008
6.261689498465147
6.526023310306385
6.797324280797203
7.0752273413071505
7.359322373014011
7.649153538368551
7.944218826574102
8.243969839853342
8.547787603425716
8.855067445694873
9.165119214581342
9.477240957688434
9.790587245387641
10.104373648358441
10.417741266033453
10.72979784623621
11.039593087750614
11.346160344332402
11.648491276979232
11.945544382265762
12.236246659197104
12.51949522652055
12.794158878666494
13.059079579751232
13.313073908005496
13.554934477576744
13.783431380852146
13.997313711922509
14.195311249793134
14.376136397395364
14.538486488402729
14.681046587806339
14.80249292419151
14.901497121741606
14.976731267265187
15.026874292870854
15.050619413727132
15.046683134349976
15.013815869540124
14.950814404625667
14.85653635860142
14.729916909256122
14.569987939349161
14.375899841875452
14.146946197041967
13.882591537349352
13.582502411011816
13.246581940188628
12.875008046478932
12.468275478676858
12.027241723180767
11.553176801363996
11.04781685565839
10.513421291446999
9.952833068880642
9.369541520777837
8.767746803081549
8.152424756570838
7.52939056754921
6.905359158319964
6.287999716807292
5.685981196415758
5.109004999178204
4.56782042742315
4.074215202344773
3.6409907680125886
3.281878820161265
3.011452992170583
2.8449577076766106
2.798113607279881
2.886879186856798
3.1271382675814614
3.5343587073950893
4.123213564271683
4.907185067583271
5.898166190617785
7.106112150134851
8.53873440340367
10.20130325545328
12.096587953504452
14.224923190202777
16.584446943010214
19.171473689421834
21.98097955742941
25.007150655548262
28.243933262620438
31.685560673593034
35.32693534532504
39.16394025153909
43.19362187949068
47.4142452712162
51.82527985698485
56.427325052042114
61.222002711895996
66.21183444985704
71.4001157272067
76.79079368786505
82.38835212513501
88.19770541866133
94.22410134468247
100.4730323900403
106.95015525911703
113.66121729337102
120.61198895163923
127.80820121365079
135.2554867161306
142.95932335674897
150.92497903300404
159.1574561224096
167.66143425989154
176.4412099305049
185.5006313699825
194.8430272829345
204.47112783819392
214.38697654891146
224.59183160171662
235.08605536150324
245.86899089646465
256.93882451558693
268.29243364755473
279.9252195150809
291.8309246007757
304.00143525761484
316.4265704077809
329.093857935196
341.98830116058707
355.0921386927654
368.38460197242574
381.84167596014464
395.43586962070384
409.136004140248
422.907028042796
436.70986955271496
450.50133757963584
464.23408330700505
477.85663486150077
491.3135171282081
504.545468014999
517.4897608026782
530.0806397807905
542.2498731050234
553.9274227854986
565.0422275892937
575.523085930787
585.2996313072518
594.303369532462
602.4687647420237
609.7343322589683
616.0437217734914
621.3467481506268
625.6003416537295
628.7693861826484
630.8274176600714
631.7571565780692
631.5508726195035
630.2105298197804
627.7477457186695
624.1835695445235
619.5480418974735
613.8795948001482
607.2242940617247
599.6349523661553
591.1701429219256
581.893140742625
571.8708354047624
561.1726312293887
549.8693801887641
538.0323616000335
525.7323432862552
513.0387341253827
500.0188443667231
486.73726096461354
473.2553408052782
459.6308202666578
445.91753580370573
432.1652472984185
418.41955379295956
404.72188985419854
391.1095903242328
377.6160110137182
364.27069356925267
351.09956360076603
338.12515123872714
325.36682811483223
312.84104880323883
300.5615950340489
288.5398149644238
276.78485449090556
265.3038775371609
254.10227323910334
243.18384868784287
232.55100650987046
222.20490711538724
212.14561576944044
202.3722351508516
192.88302416618296
183.67550410395515
174.74655332076344
166.09249184446205
157.70915725546013
149.59197337819552
141.73601328168326
134.1360581241277
126.7866533684752
119.68216387525632
112.81682934516044
106.18482153918973
99.78030465149615
93.59750015154796
87.63075737711424
81.87463089353204
76.3239661357815
70.9739937166499
65.82043372879775
60.85960979308704
56.088572948570246
51.50523300065706
47.10849292034929
42.89837759541683
38.876142535200295
35.04434155141261
31.4068229087027
27.96864785154191
24.735864083613706
21.71514780044778
18.913378041733246
16.337066980735834
13.991783128453957
11.881591803204612
10.0085762143786
8.372476444853088
6.970491285361056
5.797230685387225
4.844810939045166
4.1030832828502835
3.5599488677708395
3.201732855857965
3.0135852549214484
2.97988070882832
3.084596445715726
3.311650136017704
3.6452091319626327
4.069913084828114
4.571087559049208
5.134875746331181
5.748360355079178
6.399615779565904
7.0777445419112075
7.772883344868002
8.476187657320839
9.179799692408713
9.876804047109756
10.56117465408973
11.227716094351331
11.872001759466157
12.490310849732353
13.07956575578023
13.637270996508354
14.161454572670353
14.650612337712293
15.103655779326813
15.519863440076268
15.898836076929982
16.24045556170421
16.54484745179014
16.81234710844012
17.043469204105968
17.23888043730125
17.39937526013314
17.525854417417285
17.619306101806913
17.680789487812433
17.711420528533786
17.71235972848111
17.684801739219655
17.629966718736288
17.549092922533198
17.443430803533616
17.314238116794296
17.162775986287816
16.9903057492129
16.798086420702244
16.587372630509435
16.35941289423767
16.115448095405572
15.85671007110208
15.584420212450821
15.29978801041143
15.00400949642452
14.698265545305526
14.383720024337851
14.061517787663723
13.732782528712907
13.398605479837832
13.060078818703593
12.718240331696867
12.37410579179441
12.028625760294595
11.682818238756738
11.337586580220849
10.993734538353639
10.652129051938882
10.31355796047733
9.97876558231878
9.648451378140408
9.323269491722145
9.003828056351763
8.690689336699316
8.384369587155021
8.085339438367887
7.794024457049392
7.51080591724991
7.236021762075169
6.969967733560614
6.712898647786628
6.465029792231066
6.226538422735185
5.9975653382305225
5.778224439663198
5.5685716633618725
5.368664971828801
5.178500346107362
4.998069035165045
4.827328133136293
4.666209858630637
4.540841859454825
4.372455160887213
4.23957455526217
4.115828161279603
4.001046055539109
3.8950437328720384
3.7976203139596234
3.7085612704522153
3.6276392212617865
3.554614927380751
3.489238246220472
3.431249007691621
3.3803778461712386
3.3363469798246586
3.298870943201815
3.26765740307325
3.242407179869639
3.2228161241937303
3.208574444047567
3.199367896042829
3.1948782000572136
3.1947835639202813
3.1987591970720293
3.206477818070808
3.217610160669353
3.2318254828824085
3.248792083042872
3.2681778263133108
3.289650684527677
3.312879291636562
3.337533516472808
3.3632850540914165
3.389808036601643
3.4167796642159267
3.443880857181208
3.4707969293072454
3.4972182839194983
3.5228411331923017
3.547368241910372
3.5705096967219614
3.59198371074303
3.61151740622993
3.6288477332054305
3.64372229651012
3.6559002440474404
3.665153321206497
3.6712666328657986
3.6740397421846485
3.6732876212014394
3.668841637472461
3.6605505461903856
3.64828144890929
3.6319207448807056
3.611375033511795
3.586571968029211
3.557461048733278
3.5240143493650216
3.486227173668462
3.444118642201012
3.3977322107679915
3.3471361208144605
3.2924237745983023
3.233714051819649
3.1711514916095296
3.1049064078169963
3.0351748552343163
2.9621784572406673
2.886164079538196
2.8074033451911187
2.7261919921948463
2.642849079556999
2.55771605077784
2.4711556646961874
2.383550803363906
2.2953031655330287
2.2068318530281164
2.118571859153422
2.0309724459570373
1.944495487785161
1.859613563768893
1.7768082528884184
1.6965680548118647
1.6193864650265948
1.5457598061656144
1.4761851246281994
1.411157980463484
1.3511702010648539
1.2967075986323477
1.2482476615316465
1.2062572307299806
1.1711901734921522
1.143485067429495
1.1235629087758745
1.111824859387301
1.1086500474012353
1.1143934367280888
1.1293837805601905
1.1539216738496947
1.1882777191970932
1.2326908197681605
1.2873666116709082
1.3524760466145822
1.428154133565816
1.5144988454197632
1.6115701212561289
1.7193893556581754
1.837938630855313
1.9671598814453999
2.1069552682558346
2.2571865850546944
2.4176750089321724
2.5882010149388313
2.768504086809008
2.9582822877473856
3.1571915946114912
3.364844756849974
3.5808098811864557
3.804608184848469
4.035711135777475
4.273534964625631
4.517444109491626
4.766732420603066
5.02062632699923
5.278275300136294
5.538744395970986
5.801003327005807
6.063933297009222
6.326301274920174
6.586769251148235
6.843890836834033
7.096115948706039
7.341795210749931
7.579202220323043
7.806548411653778
8.022011088656697
8.223765103423565
8.410018965032837
8.579053194904013
8.729259168976194
8.859176536932093
8.967527536140455
9.05324688208539
9.115506308292888