0.0
1.525973041334632e-11
3.871513505401193e-9
9.802096113954076e-8
9.656676238537778e-7
5.66080923774311e-6
0.00002376984631355092
0.00007859464817866927
0.00021580427406420085
0.0005090108957005712
0.001058228489328261
0.0019817801296010376
0.0034051898442923343
0.005540121542574092
0.008341365755115428
0.0119851028537502
0.016519447827853605
0.02198883801735506
0.02836588952729613
0.03559743987032599
0.04358741974369661
0.05212401248834417
0.06096224177338928
0.06976423198265123
0.07811644783225023
0.08555534764443924
0.09161836664004591
0.09590923406666618
0.09820713554929003
0.09832024319744509
0.09619755895757101
0.09259270026991304
0.08654622877609788
0.07957742252100009
0.07172388390295831
0.0634590945990943
0.055295065918095014
0.04776729596422026
0.038477411138930974
0.03385492278651444
0.03418688433896375
0.03415995993884652
0.03678883756373825
0.042147639573911724
0.050141961906268614
0.060519804856558904
0.07289541578066602
0.08676558262562337
0.10150490730116633
0.11634399942086722
0.13040750092299272
0.1426575518819268
0.1575549416891081
0.16537416530895044
0.16868996178119944
0.1598485446296196
0.15532864343431307
0.14739109189738317
0.13486876442275475
0.11501525571477779
0.0736755396390141
0.0466379968357144
0.011798517001128163
0.000427069261312108
0.025462788402747356
0.07900534381602844
0.13066383628549355
0.20889547028184866
0.27043699587741066
0.33132014358366935
0.3940173783577835
0.4585862146274336
0.5472790405430639
0.5825640805042206
0.6341082793291014
0.6738901225678112
0.6995451643001249
0.7102525823314514
0.7066157552135781
0.6905947638432944
0.6655838687823592
0.6369209763398422
0.6122204097741047
0.6027324096628275
0.623388939256991
0.6918571702143761
0.831429513508157
1.0680399810091763
1.4317846500810976
1.9567004871608307
2.6808501544671723
3.6463435165741584
4.899084196890898
6.487944558807108
8.462887159656747
10.871679762697216
13.755041690321432
17.140925168702314
21.03922123800879
25.439338416752587
30.31290953824168
35.620973301454754
41.32412599661181
47.388505296649
53.78434345205842
60.47715817745713
67.41515489700211
74.51538388799906
81.64893759235171
88.62470795347724
95.17168689771127
100.9210943123307
105.39262680861526
107.99511611971857
108.06134583764799
104.94673858422482
98.21947986967956
87.92585448840029
74.80018876467
60.176542591927166
45.52164733795831
31.97531916983797
20.282957096153297
10.946843710793692
4.331933299940146