4.897996810990272e-41
2.1069696242164867e-41
1.3695480789310505e-41
1.1242906707673748e-41
8.208507724864116e-42
1.5998125566940987e-41
2.525148089125402e-41
6.453263705152996e-42
1.1813884293943385e-41
2.6006183404810438e-42
4.840914977966686e-42
1.368038435203402e-41
1.290191922458289e-41
7.495418603635243e-41
3.6510376398040565e-41
2.759779882594781e-41
3.2068648801524554e-41
3.386864419439e-41
6.744857659398277e-41
1.1032179066381418e-40
2.592785239340723e-41
2.8309188381252003e-41
9.932982089033596e-42
1.2151789896747533e-41
6.064712799314125e-41
1.6985954994195751e-41
1.7734192325459056e-40
1.0220729526801914e-40
7.272193811526993e-41
1.2174131681365414e-40
1.740290104139968e-40
3.349978375220408e-40
8.669356660467472e-40
3.0126114462639033e-40
3.0268766247538937e-40
2.752116551490247e-40
2.7133625387938374e-40
7.681904283531732e-40
7.869590671907257e-40
5.286483447732149e-40
6.595153184130506e-40
1.9717199994159316e-40
4.675288723977441e-40
1.3301343239445929e-39
1.5451889771512256e-39
9.582184290002916e-39
6.827110288569483e-39
5.1102531569741434e-39
6.520078583767165e-39
7.46082859926826e-39
1.2033199427054157e-38
3.8793820930845707e-38
1.1918424446020848e-38
1.6341724235016036e-38
9.040003203852135e-39
9.545763958923456e-40
1.279972807140853e-38
5.451160347588901e-38
1.8572453094544006e-38
2.5594257657521093e-37
1.5058711952447037e-37
1.4314654722435464e-37
2.4876285972716196e-37
3.7309997540191437e-37
6.596941619844e-37
2.472987713500679e-36
1.3102111181297123e-36
1.142804854953652e-36
1.1282909773601866e-36
8.277010970582083e-37
1.4648484443092419e-36
5.977213414506156e-36
2.514200473033212e-36
9.276413513390795e-36
1.1489630944079302e-35
6.476988879613004e-36
1.09169210687171e-35
2.558314184252035e-35
4.6193838257650906e-35
1.4253414083046322e-34
3.7313305077974166e-34
1.928616851848935e-34
2.290225349243153e-34
2.996479342488934e-34
3.2879278092698756e-34
5.747569495014741e-34
2.061183908450428e-33
1.3908338759653066e-33
1.1914996310684216e-33
2.2574151010580587e-33
9.464240894203552e-34
6.516002607570797e-34
4.2321180411306565e-33
1.246185028204565e-32
1.5763101280043545e-32
1.0933972307368595e-31
1.2783374005470066e-31
9.343319664864651e-32
1.3026327791513665e-31
2.036811457972913e-31
2.7796444951909182e-31
5.128414224945794e-31
1.817226673241091e-30
1.809545467578197e-30
7.09771737755641e-31
1.8668190854281442e-30
1.0499713553874406e-30
7.148483428655463e-32
1.652688162510391e-30
7.79063419472017e-30
1.627281926834697e-29
2.5285741780781267e-29
1.7319645100111405e-28
1.7535136893670577e-28
1.5339153233456893e-28
2.282317436254976e-28
4.0173807590589343e-28
5.952182596721145e-28
1.0275844174504042e-27
3.0502395252330377e-27
7.474955052224121e-27
3.426037675367951e-27
3.868639310598599e-27
6.1582218307511645e-27
4.168150548516343e-27
5.042095666867002e-28
5.3506204815608044e-27
2.703932384924133e-26
8.639718766746927e-26
6.874781650185199e-26
4.8500237600850905e-25
1.3517655522091985e-24
1.1671632632417006e-24
1.2888624201468784e-24
2.0084216591471298e-24
3.6138558507351425e-24
5.497681219611257e-24
9.213464741145922e-24
1.8925064252250084e-23
6.235349867715372e-23
1.0172900102254448e-22
3.654912260810855e-23
6.412123106782119e-23
1.2416003462212833e-22
8.943186096536963e-23
4.560019847871923e-23
2.3122696173094382e-23
3.213332173024963e-22
1.059697081741114e-21
2.766103563176426e-21
3.362805963203677e-21
1.3621219096453984e-20
5.393030567891239e-20
7.283954261626311e-20
6.17303502467389e-20
8.142514215753257e-20
1.2516547029111833e-19
2.0257779682583333e-19
2.9686128736018104e-19
4.057293690050573e-19
6.841701252930464e-19
1.4492377797668605e-18
4.286456988226906e-18
7.704617801415211e-18
3.963712010956412e-18
1.9023127246777173e-18
1.89088310938236e-17
3.4859659608755e-17
3.1880693157167725e-17
3.4338711577054476e-17
4.8996239181967875e-17
1.034359367044703e-16
2.5422177082498363e-16
5.002559936209297e-16
9.559593373726885e-16
1.7278490005187325e-15
3.1646151139330493e-15
9.10260328007775e-15
2.4698661052950704e-14
4.184009385327019e-14
3.8092046183412864e-14
2.762109815067312e-14
3.794212090398795e-14
6.634659801708686e-14
8.021671767138494e-14
8.53703021305547e-14
7.94461974042009e-14
3.1580563536044594e-14
1.7048025100534172e-14
1.98396386461987e-13
6.598804143802018e-13
1.7854355166420717e-12
4.379119740055205e-12
7.421886012593794e-12
9.361546895445733e-12
2.105397491967416e-11
7.560973158332172e-11
2.1016045569545245e-10
3.6975359411401525e-10
4.5594020619135035e-10
4.610606741542353e-10
4.848098678985244e-10
6.75102120734645e-10
1.0209814612274053e-9
1.4242361383636781e-9
1.9198323558542437e-9
2.5603839799178665e-9
3.0853040383859865e-9
3.084139727107641e-9
2.792165568580438e-9
3.4645521086555867e-9
6.508254205338625e-9
1.3247289410971478e-8
2.868771315442019e-8
6.585909106662493e-8
1.3622055211814482e-7
2.2193387019776688e-7
2.7607747971234776e-7
3.214552136829027e-7
6.059766088886141e-7
1.7504385059620376e-6
4.818749790936751e-6
0.000010587897699082267
0.000018148166771376683
0.000025216128533834045
0.000030046996055806886
0.0000322273378435035
0.00003314829414426952
0.00003679001599546929
0.00004795464027640565
0.00006837731411137005
0.00009507632527734036
0.00012271301124298535
0.00014759951006022392
0.00016953929251271532
0.00018908146282222397
0.00020178384764394
0.00019541905310191794
0.0001569101708207787
0.00009154050329126535
0.00004954503991453974
0.00014873305311679207
0.0005810423783212373
0.001598858404604609
0.0035634986440474872
0.006881479477271557
0.011761448246740249
0.018700961475334413
0.028250324286699182
0.04121551529607985
0.05872874666128116
0.08250998123928452
0.11503765480508385
0.1596313759182462
0.22135813103543048
0.3069048793329607
0.4253234303759615
0.5884199386632885
0.8109825915854223
1.110506554826297
1.5059920889819058
2.015303434657217
2.6506302325879036
3.411928673778545
4.278965365936751
5.203839144955152
6.107339026394521
6.884131387054837
7.422577871365584
7.644167831309451
7.565410058282887
7.379857591237537
7.552276234736711
8.91011664672313
12.711137961638336
20.66048958589784
34.847032311262986
57.57071310961065
91.04733211304521
137.01149068971432
196.29164878066857
268.48141408694255
351.8353639019914
443.44439254608454
539.6153186963688
636.2833157869326
729.2949916291161
814.4970306363872
887.6627930063953
944.3307220856099
979.6258359316347
988.1321520277713
963.9163230828974
900.8970296592229
793.9365334324225
641.3197579498735
449.61396999222
241.78431849590626
67.10371023158291
3.3107789411801622
131.24244642206156
484.9523577270435
1039.6571139213966
1756.2025090395077
2614.1033520527917
3612.154903944014
4758.77734757034
6063.2838623480675
7527.671479348126
9135.766384053792
10837.668215737176
12531.678914933776
14054.205750069168
15196.328714075116
15759.378112495617
15631.698793631998
14839.416982748337
13534.13807952917
11926.843597149462
10214.362576223739
8537.894383020152
6978.401567394976
5571.456129609893
4325.091629414265
3233.600389798216
2287.0756459762256
1479.4732237105313
817.9941243047008
331.2643566878928
59.02773910717478
8.060982153652338
122.32182431800265
316.81912662869814
523.0897788013467
702.3956406306729
838.8453994172827
929.6218181292991
978.0835692656249
989.8970655786231
971.1593872592704
927.6279420724993
864.5082909632307
786.501568517431
697.9598525354202
603.0668465701115
505.97721444086625
410.8396245923658
321.63730610837666
241.8436043047339
173.99768139168162
119.37985329371394
77.93388273151517
48.4631119761682
29.010051597526495
17.284159072509727
11.028769084018663
8.273431459591645
7.465624290463706
7.5025816050737015
7.693107038453416
7.678704945626633
7.3388970013938195
6.699873984025655
5.8585675385678995
4.928746523476516
4.008714127350222
3.167254512995963
2.4422104551001422
1.8459639244456296
1.373441193252231
1.0097602336014782
0.7361423355157036
0.5337755440749499
0.38591078008045643
0.27869425248450946
0.2012296662242368
0.14525136683568363
0.10469013706804231
0.07500412933831274
0.05322777671334547
0.03713371763220138
0.02520353333567292
0.016433188516669105
0.01011020982254638
0.005609857053706896
0.0027842061414635796
0.0011884824778361166
0.0003857447234197122
0.0000894432138912004
0.00005874445132575649
0.00012179777612360493
0.0001832738411256609
0.00021084015211084552
0.0002087959561996851
0.0001921116770467592
0.00017080592403821162
0.00014695658420332776
0.00011961720615375488
0.00009025292138605064
0.00006384087536253263
0.000045665188784829204
0.00003722083188410339
0.00003509568688271877
0.000034045016441794375
0.00003078983770525642
0.000024648505876153594
0.000016584689976341546
8.884154287112727e-6
3.707024553821198e-6
1.2815527336533225e-6
4.873145372815443e-7
3.252083727260067e-7
2.87868390935549e-7
2.115685402269964e-7
1.1827991633705491e-7
5.412011389629405e-8
2.3816062435479093e-8
1.13859843028591e-8
5.6653646438432254e-9
3.3764881091907674e-9
3.2302640281977032e-9
3.5623067098531902e-9
3.3299308489343703e-9
2.6367303220766167e-9
1.9647541201864465e-9
1.4572076807001015e-9
1.0168571617893128e-9
6.723271902542592e-10
5.359595978309754e-10
5.402915409301778e-10
5.079727601525854e-10
3.706916270009378e-10
1.7935557536632593e-10
5.637257928970952e-11
1.673185959649424e-11
1.0152028272529643e-11
7.714484805107633e-12
3.908639109007915e-12
1.4983001560606274e-12
5.458787592052205e-13
1.2571101166746443e-13
9.086638163475742e-15
6.463948150524055e-14
1.0526349020322694e-13
1.03156105609444e-13
9.619245037249395e-14
7.043510532516977e-14
3.8496668644295815e-14
3.82635769770727e-14
5.298367156617551e-14
4.735605868884594e-14
2.2874144738807864e-14
7.745165679321844e-15
3.1507270040261342e-15
1.8463841958005012e-15
9.830558193851912e-16
5.230052028038042e-16
2.4825549529472606e-16
9.909662565238155e-17
5.62827258842713e-17
4.260343099371105e-17
4.586608759049505e-17
4.249575421586734e-17
1.5433227977111645e-17
6.026886243134738e-19
8.992596693795248e-18
9.507480320046334e-18
4.1107637862156906e-18
1.4695016531301323e-18
7.9089616045235195e-19
5.060137810580704e-19
3.8092348795558264e-19
2.442171758444817e-19
1.5641505731425876e-19
1.0177423150943885e-19
9.627905546376024e-20
1.0599103109611201e-19
5.60437753885811e-20
1.0535594401259306e-20
4.822661400951794e-21
3.2398645501213578e-21
1.0644408905849447e-21
2.704360804700796e-22
1.1101118268732739e-23
1.0668259157669304e-22
1.627886588315485e-22
1.8503253714260168e-22
6.12024550103368e-23
9.866107486196885e-23
1.5950703154091214e-22
6.802357692382308e-23
2.249100695293287e-23
1.2527761033075937e-23
8.0243966739469e-24
4.966324051986152e-24
2.877706695190164e-24
1.953232461534763e-24
2.2762456343195135e-24
1.9948400584807014e-24
3.5784602662990546e-25
1.4148399927464162e-25
1.1636943025207119e-25
2.8874307455329156e-26
2.866772194423416e-27
3.777826038250511e-27
8.863024979001138e-27
1.1823100736934215e-26
4.730048235700218e-27
1.0746333417683144e-26
1.185170192959063e-26
3.6080769960281295e-27
1.637747258267132e-27
1.0099884550429688e-27
6.606141730920787e-28
3.9042295228740937e-28
2.8960846864300956e-28
4.084023111147702e-28
2.355295326487164e-28
2.75896225945271e-29
3.316170531686678e-29
9.630561775295834e-30
1.2012832615001725e-30
1.0176941196491608e-30
2.882856517574527e-30
3.774111089182609e-30
1.3108499235792452e-30
5.439613449934357e-30
2.6920570509484837e-30
8.988599005438456e-31
5.579131927011245e-31
4.177848739887188e-31
2.7187669151293854e-31
2.189359944685719e-31
3.5370714584071653e-31
1.4581238106611063e-31
3.2218526766845683e-32
2.2277758954234505e-32
6.866167834234264e-33
1.0335296322404347e-33
3.24578005215111e-33
6.712994973738777e-33
9.79292195593757e-34
6.451641220994369e-33
3.573518580908042e-33
1.2214866661613903e-33
8.680180950664021e-34
7.515636019695118e-34
5.950519157729016e-34
7.1373334490374415e-34
1.0018565647566108e-33
2.1517857338580976e-34
1.210660015315573e-34
6.017192540604799e-35
2.206652715596798e-35
2.1641103624153105e-35
4.537761487254953e-35
8.254680117662514e-36
1.9901086944709232e-35
1.160319295458394e-35
3.475085106326889e-36
3.266870903159707e-36
3.7955226668781315e-36
3.3002117910842825e-36
6.998261174689044e-36
6.002315464982362e-36
1.7030270574052494e-36
1.1212674521439277e-36
7.247094676417525e-37
4.949758581950701e-37
7.631275664617543e-37
6.693148209604728e-37
1.0376724618079214e-37
1.4938904964619195e-37
2.5836485334585717e-38
1.3689886174850918e-38
4.793978766159188e-38
4.824328725241957e-38
1.0877894486418388e-37
1.187002466835317e-37
3.980220040351206e-38
3.027196130862913e-38
2.499707980330824e-38
2.163270369784002e-38
4.278129949407146e-38
2.4151079628192396e-38
7.438506029866117e-39
4.263692909014716e-39
1.0822607101021682e-39
1.4516625247888836e-39
4.604937496409629e-39
4.546402211733755e-40
5.942114547845576e-39
2.2719329592711304e-39
1.2142247176216385e-39
1.5541508448779744e-39
1.6613958215185004e-39
2.360697893418602e-39
4.431952643920685e-39
1.1520787826467657e-39
8.421760532729599e-40
5.730134900791261e-40
4.31610413744401e-40
9.164487921205978e-40
5.426042806101779e-40
3.358649685225818e-40
2.08100510400593e-40
3.506345152029692e-41
1.0911878295648318e-40
2.33687317303239e-40
2.0924869063831987e-40
8.332869465722968e-40
2.916010249912616e-40
2.1673762715097587e-40
2.1273337375150194e-40
1.9901619194583857e-40
4.050722244094954e-40
3.5558379951838054e-40
1.0487571832210483e-40
7.183561933760338e-41
1.6488487419113527e-41
3.536710592821654e-41
1.3021956851036479e-40
1.3319622776794985e-41
2.4651438956497106e-40
8.873136651866078e-41
7.117502863470456e-41
1.0281609971673565e-40
1.22210151839613e-40
3.221093689680193e-40