0.
0.00009882639075041151
0.0015242359145331082
0.007273049692833397
0.021462401125948584
0.04842044859077879
0.09106496212591958
0.14973481099165453
0.22220390517172273
0.3048182169460071
0.39424450979286413
0.4888738400387368
0.5892609278063298
0.6979622510799942
0.8179435958062505
0.9511240877428034
1.0992736709327966
1.2648774457162455
1.4480591750755514
1.6459000541230002
1.8545255816100525
2.0699442870573574
2.2865133777785234
2.4968058590248474
2.6945351471325805
2.875679355460431
3.0373287712386783
3.17682472144311
3.291599659297467
3.3793122359192322
3.4380376207235974
3.4664269989224628
3.4638125107801665
3.4302560707262875
3.366544940324439
3.274133694406108
3.1550296838158576
3.0116256925061324
2.846510190961719
2.662359065598246
2.4621851072022767
2.250331686137344
2.0334554320147724
1.8188528001186366
1.6117755373599172
1.4161288557233644
1.2357596632548942
1.0731977816033362
0.927750301737971
0.7968811664933038
0.6789683230595696
0.5718857966672821
0.4726032289404663
0.37882624277618804
0.2903762178940835
0.20920351648012955
0.13881756156010627
0.0827476827280248
0.042841216134279866
0.018293135658234504
0.0058379156385959885
0.0010813374095984963
0.00004749537147325625