0.0
6.892559659671894e-9
4.2247761616692774e-7
4.487674773461402e-6
0.000022967440102551088
0.00007827931151837135
0.0002058063235852761
0.00045229484076995
0.0008724960806491864
0.001525086705167625
0.0024682763500699957
0.0037549829896770612
0.005476094228963687
0.0075578394457360195
0.010029984405617415
0.012847367238283981
0.015853887808589588
0.01901113724346862
0.022082938369724085
0.024877180127372875
0.02727811841645029
0.02956541146331936
0.031043272716658243
0.0328364685228625
0.0349225411483077
0.03751934896278188
0.04075376038237142
0.04465090993413354
0.04893812273333701
0.05409635651329829
0.059463340760918845
0.06491329403037271
0.0703561283687884
0.07566396940054003
0.080726116980799
0.08543222770902013
0.08965211260756295
0.09321913805615062
0.09592314403373874
0.09751761460780863
0.09986342492036715
0.09634224284179183
0.09499560615475003
0.08829675743346159
0.0817120662081957
0.07373485699634678
0.06483878734910599
0.05571379238339988
0.04732094741956194
0.04095221087025511
0.038256819592125506
0.04119196078722374
0.051894243980019336
0.07282772068676988
0.10611605496884145
0.1538479831254335
0.2165307258281184
0.30007657610759775
0.4019006416051589
0.5241514101246034
0.6642242969444158
0.8109470768302505
0.9408923641764134
1.0251442721838049
1.0453514620966384
1.0044806094096552
0.9219786754621014
0.8186038467415733
0.7075061629252993
0.5956375427070604
0.4878150490043315
0.3889342378795122
0.304406119215608
0.23983188347994136
0.20046680711095388
0.19088548400489533
0.21384251898858228
0.27141809806110806
0.36451324371159055
0.49316062433839847
0.6573209530656112
0.8565548782162935
1.0900153568071342
1.356359787774463
1.6539158129400795
1.9807872834389517
2.337324973982675
2.722923169324303
3.1400604299996977
3.5923542274556493
4.0845182592987985
4.6217614672231075
5.2092306378522135
5.8518456613327325
6.5549933076773454
7.326681312066256
8.181831598940184
9.148957879656663
10.279009042649639
11.655664174120385
13.405603953119067
15.706115667114616
18.785265326259754
22.90774865152591
28.34030564623887
35.29934020828791
43.90167333343798
54.15689711197411
66.02821259884261
79.53216671309121
94.80464824510568
112.10059846901002
131.76365802837543
154.19890857039044
179.85061366748351
209.17712772614115
242.61406208366833
280.51264484037335
323.0343458872151
369.97999785441107
420.53989218810614
472.98449379237246
524.388564706138
570.5853245470979
606.6025273861634