0.
1.776000867467764e-6
0.00011332355411022843
0.0012843870948550107
0.00716617468780123
0.02709174155053584
0.0800099000077279
0.19914665069517756
0.43712100553010025
0.8712070410926955
1.6084127140977884
2.7900394555210326
4.595395292753892
7.244358054385309
10.998523287465048
16.160722463235984
23.072758922531705
32.111279408085466
43.68177516835655
58.2107854556823
76.13645460026112
97.89766852768491
123.92206452371272
154.61326639709523
190.3377434646245
231.4117239519113
278.0886099762049
330.54734136102434
388.882138871797
453.0940244536473
523.0844677321993
598.6514460417266
679.4881317476738
765.1843382634356
855.2307679108817
949.0260138659628
1045.8861782052359
1145.0568818518832
1245.727363191906
1347.0462932066366
1448.138878679535
1548.1247834380874
1646.1363721812786
1741.3367731011404
1832.937264464551
1920.213516155406
2002.5202588243155
2079.304009095694
2150.113547054152
2214.6079193453334
2272.561824714854
2323.8683254884127
2368.5389150850096
2406.70105490939
2438.593370805269
2464.5587668659355
2485.035770384682
2500.548464156105
2511.6953898442007
2519.1378179520852
2523.5877759373343
2525.7962067252665
2526.5415964030417