0.
4.4400021687734936e-7
0.00002833088852755017
0.0003210967737137804
0.0017915436719506683
0.006772935387634016
0.020002475001932307
0.049786662673793725
0.10928025138252728
0.21780176027317566
0.40210317852445066
0.6975098638802395
1.148848823188473
1.811089513596352
2.7496308218662495
4.0401806158089535
5.768189730632958
8.027819852021391
10.920443792089134
14.552696363920532
19.03411365006525
24.474417131921292
30.9805161309282
38.65331659927386
47.58443586615607
57.85293098797759
69.52215249405117
82.63683534025604
97.22053471794884
113.27350611341198
130.77111693304983
149.66286151043192
169.87203293691863
191.29608456585888
213.80769197772074
237.25650346649113
261.4715445513091
286.26422046297057
311.43184079797675
336.7615733016588
362.0347196698833
387.0311958595212
411.53409304531965
435.33419327528526
458.2343161161373
480.05337903885135
500.6300647060793
519.8260022739225
537.5283867635383
553.6519798363336
568.140456178714
580.9670813721034
592.1347287712516
601.6752637273485
609.6483427013172
616.1396917164849
621.2589425961702
625.1371160390257
627.9238474610496
629.784454488022
630.8969439843339
631.4490516813158
631.6353991007605