0.
3.996001951757366e-6
0.0002549779967480348
0.0028898709634236353
0.016123893047550908
0.06095641848870992
0.18002227501738677
0.4480799640641333
0.9835222624426869
1.9602158424586165
3.6189286067200896
6.277588774922222
10.339639408696286
16.299805622367103
24.7466773967962
36.36162554228031
51.913707575696435
72.25037866819173
98.28399412880287
130.97426727528386
171.30702285058533
220.26975418729216
278.8246451783525
347.87984939346234
428.2599227954038
520.6763788918033
625.6993724464628
743.7315180623018
874.9848124615428
1019.4615550207109
1176.9400523974455
1346.965753593884
1528.8482964322757
1721.6647610927248
1924.2692277994793
2135.3085311984105
2353.2439009617738
2576.3779841667238
2802.886567181795
3030.8541597149124
3258.3124770289505
3483.280762735696
3703.8068374078503
3918.0077394775653
4124.10884504523
4320.480411349665
4505.6705823546945
4678.434020465298
4837.755480871827
4982.86781852696
5113.264105608432
5228.70373234892
5329.212558941239
5415.077373546104
5486.835084311839
5545.257225448353
5591.330483365535
5626.234044351222
5651.314627149441
5668.060090392173
5678.072495859014
5683.04146513185
5684.7185919068215