0.0
0.00400074220785
0.00800145274853
0.0120021016025
0.0160026587527
0.0200030941839
0.0240033778827
0.0280034798384
0.0320033700426
0.0360030184899
0.0400023951786
0.0440014701104
0.0480002132914
0.0519985947323
0.0559965844486
0.0599941524613
0.0639912687971
0.0679879034888
0.0719840265761
0.0759796081054
0.0799746181304
0.0839690267129
0.0879628039227
0.0919559198383
0.0959483445469
0.0999400481456
0.103931000741
0.10792117245
0.111910533399
0.115899053728
0.119886703587
0.123873453136
0.12785927255
0.131844132016
0.135828001732
0.139810851913
0.143792652785
0.147773374588
0.151752987579
0.155731462029
0.159708768223
0.163684876463
0.167659757068
0.171633380372
0.175605716727
0.179576736503
0.183546410087
0.187514707883
0.191481600316
0.195447057829
0.199411050883
0.203373549962
0.207334525567
0.211293948221
0.215251788468
0.219208016874
0.223162604025
0.22711552053
0.231066737022
0.235016224154
0.238963952606
0.242909893078
0.246854016296
0.250796293012
0.254736693999
0.258675190059
0.262611752018
0.266546350728
0.270478957067
0.274409541941
0.278338076284
0.282264531055
0.286188877242
0.290111085862
0.294031127961
0.297948974614
0.301864596923
0.305777966024
0.30968905308
0.313597829287
0.317504265869
0.321408334085
0.325310005224
0.329209250607
0.333106041587
0.337000349551
0.34089214592
0.344781402147
0.348668089719
0.352552180159
0.356433645024
0.360312455905
0.36418858443
0.368062002263
0.371932681103
0.375800592686
0.379665708786
0.383528001213
0.387387441815
0.39124400248
0.395097655131
0.398948371732
0.402796124287
0.406640884837
0.410482625464
0.414321318292
0.418156935483
0.42198944924
0.425818831811
0.42964505548
0.433468092578
0.437287915475
0.441104496587
0.444917808369
0.448727823322
0.452534513992
0.456337852965
0.460137812876
0.463934366402
0.467727486265
0.471517145235
0.475303316125
0.479085971796
0.482865085155
0.486640629155
0.490412576799
0.494180901133
0.497945575256
0.501706572311
0.505463865491
0.509217428039
0.512967233246
0.516713254453
0.520455465051
0.524193838481
0.527928348233
0.531658967851
0.535385670927
0.539108431108
0.54282722209
0.546542017621
0.550252791503
0.553959517592
0.557662169793
0.561360722068
0.565055148431
0.568745422952
0.572431519752
0.576113413011
0.579791076959
0.583464485886
0.587133614136
0.590798436106
0.594458926255
0.598115059093
0.60176680919
0.605414151172
0.609057059723
0.612695509585
0.616329475557
0.619958932497
0.623583855321
0.627204219005
0.630819998584
0.634431169151
0.638037705862
0.64163958393
0.645236778629
0.648829265295
0.652417019324
0.656000016173
0.659578231362
0.66315164047
0.666720219142
0.670283943081
0.673842788057
0.677396729899
0.680945744502
0.684489807824
0.688028895885
0.69156298477
0.69509205063
0.698616069679
0.702135018195
0.705648872522
0.70915760907
0.712661204314
0.716159634794
0.719652877118
0.723140907959
0.726623704057
0.730101242219
0.73357349932
0.7370404523
0.740502078169
0.743958354004
0.74740925695
0.750854764222
0.754294853101
0.757729500938
0.761158685155
0.764582383241
0.768000572755
0.771413231327
0.774820336656
0.778221866512
0.781617798735
0.785008111236
0.788392781997
0.791771789072
0.795145110586
0.798512724735
0.801874609787
0.805230744084
0.808581106039
0.811925674136
0.815264426936
0.818597343069
0.821924401239
0.825245580227
0.828560858882
0.831870216132
0.835173630976
0.838471082488
0.841762549817
0.845048012188
0.848327448897
0.851600839319
0.854868162903
0.858129399173
0.861384527729
0.864633528248
0.86787638048
0.871113064256
0.87434355948
0.877567846134
0.880785904275
0.88399771404
0.887203255642
0.890402509371
0.893595455595
0.896782074759
0.899962347387
0.903136254082
0.906303775522
0.909464892466
0.912619585753
0.915767836298
0.918909625096
0.922044933221
0.925173741827
0.928296032147
0.931411785494
0.934520983261
0.937623606919
0.940719638023
0.943809058204
0.946891849176
0.949967992734
0.953037470753
0.956100265187
0.959156358074
0.962205731531
0.965248367759
0.968284249038
0.97131335773
0.97433567628
0.977351187214
0.980359873139
0.983361716747
0.98635670081
0.989344808183
0.992326021804
0.995300324693
0.998267699954
1.00122813077
1.00418160042
1.00712809224
1.01006758968
1.01300007626
1.01592553557
1.01884395131
1.02175530724
1.02465958721
1.02755677518
1.03044685515
1.03332981124
1.03620562764
1.03907428861
1.04193577853
1.04479008184
1.04763718306
1.05047706681
1.05330971779
1.05613512078
1.05895326065
1.06176412236
1.06456769095
1.06736395153
1.07015288933
1.07293448964
1.07570873784
1.0784756194
1.08123511987
1.08398722489
1.08673192018
1.08946919157
1.09219902494
1.09492140628
1.09763632165
1.10034375723
1.10304369924
1.10573613402
1.10842104798
1.11109842763
1.11376825955
1.11643053043
1.11908522702
1.12173233617
1.12437184482
1.12700373999
1.1296280088
1.13224463843
1.13485361619
1.13745492942
1.14004856561
1.14263451228
1.14521275708
1.14778328772
1.15034609202
1.15290115787
1.15544847325
1.15798802623
1.16051980497
1.16304379772
1.1655599928
1.16806837865
1.17056894376
1.17306167674
1.17554656626
1.1780236011
1.18049277012
1.18295406227
1.18540746657
1.18785297216
1.19029056823
1.1927202441
1.19514198914
1.19755579283
1.19996164473
1.2023595345
1.20474945185
1.20713138664
1.20950532875
1.21187126821
1.21422919508
1.21657909956
1.21892097191
1.22125480247
1.2235805817
1.2258983001
1.22820794832
1.23050951704
1.23280299705
1.23508837925
1.23736565459
1.23963481412
1.241895849
1.24414875046
1.2463935098
1.24863011845
1.25085856788
1.25307884969
1.25529095554
1.25749487718
1.25969060647
1.26187813534
1.26405745579
1.26622855995
1.26839144
1.27054608823
1.27269249701
1.27483065878
1.27696056611
1.27908221161
1.281195588
1.2833006881
1.28539750479
1.28748603105
1.28956625995
1.29163818465
1.29370179838
1.29575709448
1.29780406635
1.2998427075
1.30187301152
1.30389497208
1.30590858295
1.30791383796
1.30991073107
1.31189925627
1.3138794077
1.31585117953
1.31781456605
1.31976956163
1.32171616072
1.32365435785
1.32558414765
1.32750552483
1.32941848419
1.33132302061
1.33321912906
1.33510680458
1.33698604233
1.33885683752
1.34071918547
1.34257308156
1.34441852129
1.34625550021
1.34808401397
1.34990405832
1.35171562907
1.35351872213
1.35531333348
1.35709945921
1.35887709547
1.3606462385
1.36240688464
1.36415903029
1.36590267196
1.36763780621
1.36936442973
1.37108253925
1.3727921316
1.37449320372
1.37618575258
1.37786977528
1.37954526898
1.38121223093
1.38287065847
1.38452054901
1.38616190004
1.38779470915
1.38941897401
1.39103469236
1.39264186203
1.39424048092
1.39583054705
1.39741205847
1.39898501335
1.40054940994
1.40210524654
1.40365252157
1.4051912335
1.40672138091
1.40824296244
1.40975597683
1.41126042287
1.41275629947
1.41424360559
1.41572234029
1.41719250269
1.41865409202
1.42010710756
1.4215515487
1.42298741487
1.42441470562
1.42583342057
1.42724355939
1.42864512187
1.43003810785
1.43142251728
1.43279835015
1.43416560656
1.43552428667
1.43687439074
1.43821591908
1.4395488721
1.44087325028
1.44218905418
1.44349628444
1.44479494177
1.44608502697
1.44736654091
1.44863948453
1.44990385886
1.45115966501
1.45240690414
1.45364557752
1.45487568648
1.45609723243
1.45731021685
1.4585146413
1.45971050743
1.46089781694
1.46207657162
1.46324677334
1.46440842404
1.46556152573
1.4667060805
1.46784209051
1.46896955801
1.47008848531
1.47119887479
1.47230072893
1.47339405025
1.47447884137
1.47555510497
1.4766228438
1.47768206071
1.47873275859
1.47977494042
1.48080860926
1.48183376822
1.4828504205
1.48385856937
1.48485821817
1.48584937031
1.48683202928
1.48780619862
1.48877188198
1.48972908305
1.49067780559
1.49161805345
1.49254983055
1.49347314086
1.49438798843
1.4952943774
1.49619231195
1.49708179634
1.49796283492
1.49883543208
1.4996995923
1.50055532011
1.50140262014
1.50224149705
1.50307195559
1.50389400059
1.50470763693
1.50551286956
1.5063097035
1.50709814384
1.50787819574
1.50864986442
1.50941315518
1.51016807337
1.51091462442
1.51165281381
1.51238264712
1.51310412995
1.51381726802
1.51452206706
1.51521853291
1.51590667145
1.51658648863
1.51725799048
1.51792118308
1.51857607258
1.51922266518
1.51986096718
1.52049098491
1.52111272477
1.52172619324
1.52233139685
1.5229283422
1.52351703595
1.52409748482
1.5246696956
1.52523367514
1.52578943035
1.5263369682
1.52687629573
1.52740742005
1.5279303483
1.52844508771
1.52895164556
1.52945002921
1.52994024604
1.53042230354
1.53089620922
1.53136197067
1.53181959554
1.53226909154
1.53271046644
1.53314372806
1.53356888428
1.53398594306
1.53439491239
1.53479580034
1.53518861504
1.53557336466
1.53595005744
1.53631870168
1.53667930573
1.53703187801
1.53737642698
1.53771296117
1.53804148917
1.53836201962
1.53867456121
1.5389791227
1.5392757129
1.53956434067
1.53984501494
1.54011774469
1.54038253895
1.54063940681
1.54088835741
1.54112939995
1.54136254369
1.54158779793
1.54180517204
1.54201467543
1.54221631758
1.542410108
1.54259605628
1.54277417204
1.54294446497
1.54310694482
1.54326162136
1.54340850444
1.54354760395
1.54367892985
1.54380249213
1.54391830084
1.54402636608
1.54412669801
1.54421930683
1.5443042028
1.54438139622
1.54445089745
1.5445127169
1.54456686503
1.54461335234
1.54465218938
1.54468338678
1.54470695518
1.54472290528
1.54473124785
1.54473199368
1.54472515363
1.5447107386
1.54468875953
1.54465922742
1.54462215332
1.54457754832
1.54452542355
1.54446579021
1.54439865952
1.54432404277
1.54424195128
1.54415239643
1.54405538964
1.54395094236
1.54383906612
1.54371977247
1.54359307302
1.5434589794
1.54331750332
1.5431686565
1.54301245075
1.54284889787
1.54267800974
1.54249979828
1.54231427545
1.54212145325
1.54192134372
1.54171395897
1.54149931111
1.54127741232
1.54104827483
1.5408119109
1.54056833283
1.54031755296
1.54005958369
1.53979443744
1.53952212668
1.53924266393
1.53895606175
1.53866233272
1.53836148949
1.53805354473
1.53773851116
1.53741640153
1.53708722864
1.53675100534
1.53640774449
1.53605745902
1.53570016189
1.53533586608
1.53496458463
1.53458633062
1.53420111715
1.53380895739
1.53340986451
1.53300385174
1.53259093235
1.53217111965
1.53174442696
1.53131086767
1.5308704552
1.53042320299
1.52996912453
1.52950823335
1.52904054301
1.52856606711
1.52808481927
1.52759681318
1.52710206252
1.52660058106
1.52609238256
1.52557748083
1.52505588972
1.52452762311
1.52399269491
1.52345111909
1.52290290961
1.5223480805
1.52178664582
1.52121861964
1.5206440161
1.52006284933
1.51947513354
1.51888088293
1.51828011176
1.51767283432
1.51705906492
1.51643881791
1.51581210768
1.51517894864
1.51453935524
1.51389334194
1.51324092328
1.51258211377
1.511916928
1.51124538057
1.51056748611
1.50988325928
1.50919271479
1.50849586735
1.50779273172
1.50708332269
1.50636765506
1.50564574369
1.50491760345
1.50418324924
1.503442696
1.50269595868
1.50194305227
1.5011839918
1.50041879231
1.49964746888
1.49887003661
1.49808651063
1.4972969061
1.49650123822
1.49569952218
1.49489177325
1.49407800667
1.49325823776
1.49243248183
1.49160075424
1.49076307036
1.48991944559
1.48906989536
1.48821443512
1.48735308037
1.48648584659
1.48561274934
1.48473380415
1.48384902662
1.48295843236
1.48206203699
1.48115985617
1.4802519056
1.47933820096
1.478418758
1.47749359247
1.47656272014
1.47562615683
1.47468391835
1.47373602057
1.47278247935
1.47182331058
1.4708585302
1.46988815414
1.46891219837
1.46793067887
1.46694361166
1.46595101278
1.46495289827
1.46394928422
1.46294018673
1.46192562191
1.46090560591
1.4598801549
1.45884928505
1.45781301258
1.45677135372
1.45572432471
1.45467194183
1.45361422136
1.45255117961
1.45148283293
1.45040919764
1.44933029014
1.44824612681
1.44715672405
1.44606209831
1.44496226603
1.44385724368
1.44274704775
1.44163169474
1.44051120119
1.43938558363
1.43825485864
1.43711904279
1.43597815268
1.43483220494
1.43368121619
1.4325252031
1.43136418234
1.4301981706
1.42902718457
1.427851241
1.42667035662
1.42548454819
1.42429383249
1.42309822631
1.42189774646
1.42069240977
1.41948223308
1.41826723324
1.41704742714
1.41582283167
1.41459346373
1.41335934024
1.41212047815
1.41087689441
1.40962860598
1.40837562986
1.40711798304
1.40585568254
1.40458874539
1.40331718862
1.40204102931
1.40076028452
1.39947497134
1.39818510688
1.39689070824
1.39559179256
1.39428837699
1.39298047867
1.39166811479
1.39035130252
1.38903005907
1.38770440164
1.38637434745
1.38503991376
1.38370111779
1.38235797682
1.38101050813
1.37965872899
1.37830265671
1.3769423086
1.37557770199
1.3742088542
1.37283578259
1.37145850451
1.37007703735
1.36869139847
1.36730160527
1.36590767516
1.36450962555
1.36310747387
1.36170123755
1.36029093405
1.35887658082
1.35745819534
1.35603579507
1.35460939751
1.35317902017
1.35174468054
1.35030639616
1.34886418454
1.34741806323
1.34596804977
1.34451416173
1.34305641666
1.34159483215
1.34012942578
1.33866021515
1.33718721785
1.3357104515
1.33422993372
1.33274568213
1.33125771437
1.32976604809
1.32827070094
1.32677169058
1.32526903467
1.3237627509
1.32225285695
1.3207393705
1.31922230926
1.31770169093
1.31617753322
1.31464985386
1.31311867056
1.31158400107
1.31004586312
1.30850427446
1.30695925284
1.30541081602
1.30385898177
1.30230376785
1.30074519204
1.29918327213
1.29761802591
1.29604947116
1.29447762569
1.2929025073
1.2913241338
1.28974252301
1.28815769275
1.28656966084
1.2849784451
1.28338406339
1.28178653353
1.28018587336
1.27858210074
1.27697523352
1.27536528955
1.27375228668
1.27213624279
1.27051717575
1.26889510341
1.26727004366
1.26564201437
1.26401103342
1.2623771187
1.26074028809
1.25910055949
1.25745795077
1.25581247985
1.25416416461
1.25251302296
1.25085907279
1.24920233202
1.24754281854
1.24588055026
1.24421554511
1.24254782097
1.24087739578
1.23920428743
1.23752851386
1.23585009297
1.23416904268
1.23248538092
1.2307991256
1.22911029464
1.22741890596
1.22572497749
1.22402852714
1.22232957284
1.22062813251
1.21892422407
1.21721786544
1.21550907456
1.21379786932
1.21208426767
1.21036828751
1.20864994677
1.20692926337
1.20520625522
1.20348094024
1.20175333635
1.20002346145
1.19829133347
1.19655697031
1.19482038988
1.19308161008
1.19134064883
1.18959752403
1.18785225358
1.18610485537
1.18435534731
1.18260374728
1.18085007318
1.17909434289
1.1773365743
1.17557678529
1.17381499375
1.17205121753
1.17028547453
1.1685177826
1.16674815961
1.16497662341
1.16320319188
1.16142788285
1.15965071418
1.15787170371
1.15609086928
1.15430822872
1.15252379987
1.15073760054
1.14894964857
1.14715996175
1.14536855791
1.14357545485
1.14178067035
1.13998422223
1.13818612826
1.13638640622
1.1345850739
1.13278214905
1.13097764944
1.12917159282
1.12736399695
1.12555487957
1.1237442584
1.12193215119
1.12011857565
1.11830354949
1.11648709042
1.11466921614
1.11284994433
1.11102929269
1.10920727889
1.10738392059
1.10555923546
1.10373324113
1.10190595526
1.10007739548
1.0982475794
1.09641652465
1.09458424883
1.09275076954
1.09091610436
1.08908027087
1.08724328664
1.08540516923
1.08356593618
1.08172560503
1.07988419331
1.07804171853
1.07619819821
1.07435364983
1.07250809088
1.07066153884
1.06881401116
1.0669655253
1.0651160987
1.06326574878
1.06141449296
1.05956234865
1.05770933323
1.05585546409
1.05400075859
1.05214523408
1.05028890792
1.04843179743
1.04657391991
1.04471529269
1.04285593304
1.04099585825
1.03913508556
1.03727363225
1.03541151552
1.03354875262
1.03168536074
1.02982135708
1.02795675881
1.02609158309
1.02422584708
1.0223595679
1.02049276268
1.01862544851
1.01675764247
1.01488936165
1.01302062309
1.01115144384
1.00928184091
1.0074118313
1.00554143202
1.00367066004
1.0017995323
0.999928065744
0.998056277298
0.996184183865
0.994311802329
0.99243914956
0.990566242409
0.988693097707
0.98681973227
0.984946162894
0.983072406356
0.981198479414
0.979324398809
0.97745018126
0.97557584347
0.973701402121
0.971826873873
0.969952275371
0.968077623236
0.966202934071
0.964328224458
0.962453510958
0.960578810113
0.958704138442
0.956829512444
0.954954948596
0.953080463356
0.951206073158
0.949331794415
0.947457643518
0.945583636835
0.943709790714
0.941836121479
0.93996264543
0.938089378848
0.936216337986
0.934343539078
0.932470998333
0.930598731936
0.928726756048
0.926855086808
0.924983740328
0.923112732697
0.921242079981
0.91937179822
0.917501903427
0.915632411594
0.913763338685
0.911894700639
0.91002651337
0.908158792764
0.906291554685
0.904424814967
0.902558589419
0.900692893824
0.898827743937
0.896963155487
0.895099144175
0.893235725676
0.891372915635
0.889510729672
0.887649183376
0.885788292311
0.883928072011
0.882068537981
0.880209705698
0.87835159061
0.876494208136
0.874637573665
0.872781702558
0.870926610143
0.869072311722
0.867218822565
0.865366157911
0.863514332969
0.861663362918
0.859813262906
0.857964048049
0.856115733431
0.854268334107
0.852421865098
0.850576341395
0.848731777954
0.846888189702
0.84504559153
0.8432039983
0.841363424838
0.839523885938
0.837685396362
0.835847970835
0.834011624051
0.832176370671
0.830342225318
0.828509202584
0.826677317024
0.824846583161
0.823017015481
0.821188628435
0.819361436439
0.817535453872
0.815710695081
0.813887174372
0.812064906019
0.810243904257
0.808424183285
0.806605757265
0.804788640324
0.802972846548
0.801158389988
0.799345284658
0.797533544532
0.795723183547
0.793914215602
0.792106654557
0.790300514233
0.788495808414
0.786692550842
0.784890755222
0.783090435218
0.781291604455
0.779494276518
0.777698464952
0.775904183261
0.774111444909
0.772320263319
0.770530651874
0.768742623914
0.766956192738
0.765171371606
0.763388173732
0.761606612291
0.759826700416
0.758048451195
0.756271877675
0.75449699286
0.752723809712
0.750952341149
0.749182600043
0.747414599227
0.745648351487
0.743883869566
0.742121166162
0.740360253929
0.738601145476
0.736843853369
0.735088390125
0.733334768221
0.731583000083
0.729833098095
0.728085074593
0.72633894187
0.724594712168
0.722852397687
0.721112010578
0.719373562945
0.717637066845
0.715902534289
0.714169977239
0.71243940761
0.710710837268
0.708984278034
0.707259741676
0.705537239918
0.703816784432
0.702098386843
0.700382058727
0.698667811608
0.696955656965
0.695245606223
0.69353767076
0.691831861903
0.690128190928
0.688426669062
0.68672730748
0.685030117306
0.683335109616
0.68164229543
0.679951685721
0.678263291407
0.676577123357
0.674893192386
0.673211509258
0.671532084683
0.669854929321
0.668180053777
0.666507468605
0.664837184304
0.663169211322
0.66150356005
0.65984024083
0.658179263947
0.656520639632
0.654864378062
0.653210489363
0.651558983601
0.649909870791
0.648263160892
0.646618863808
0.644976989388
0.643337547425
0.641700547657
0.640065999766
0.638433913378
0.636804298063
0.635177163335
0.633552518652
0.631930373413
0.630310736962
0.628693618588
0.627079027519
0.625466972928
0.623857463931
0.622250509585
0.62064611889
0.619044300788
0.617445064163
0.61584841784
0.614254370588
0.612662931113
0.611074108068
0.609487910043
0.60790434557
0.606323423122
0.604745151114
0.6031695379
0.601596591774
0.600026320972
0.598458733669
0.59689383798
0.59533164196
0.593772153605
0.592215380847
0.590661331563
0.589110013563
0.587561434601
0.586015602368
0.584472524493
0.582932208546
0.581394662035
0.579859892405
0.578327907041
0.576798713265
0.575272318339
0.57374872946
0.572227953766
0.570709998331
0.569194870166
0.567682576223
0.566173123387
0.564666518482
0.563162768271
0.561661879452
0.560163858659
0.558668712467
0.557176447382
0.555687069852
0.554200586259
0.55271700292
0.551236326092
0.549758561964
0.548283716666
0.546811796259
0.545342806744
0.543876754055
0.542413644064
0.540953482577
0.539496275336
0.538042028019
0.536590746239
0.535142435545
0.53369710142
0.532254749284
0.530815384489
0.529379012326
0.527945638018
0.526515266723
0.525087903537
0.523663553486
0.522242221534
0.520823912579
0.519408631453
0.517996382922
0.516587171688
0.515181002386
0.513777879586
0.512377807791
0.510980791441
0.509586834907
0.508195942496
0.506808118449
0.50542336694
0.504041692078
0.502663097905
0.501287588397
0.499915167465
0.498545838953
0.497179606638
0.495816474233
0.494456445382
0.493099523665
0.491745712594
0.490395015616
0.489047436111
0.487702977392
0.486361642707
0.485023435236
0.483688358093
0.482356414328
0.48102760692
0.479701938786
0.478379412774
0.477060031666
0.475743798177
0.474430714957
0.473120784588
0.471814009588
0.470510392405
0.469209935423
0.467912640959
0.466618511263
0.465327548521
0.464039754849
0.462755132299
0.461473682856
0.460195408439
0.458920310901
0.457648392028
0.456379653539
0.455114097089
0.453851724265
0.45259253659
0.451336535518
0.450083722439
0.448834098677
0.447587665489
0.446344424066
0.445104375536
0.443867520956
0.442633861323
0.441403397564
0.440176130543
0.438952061056
0.437731189836
0.43651351755
0.435299044798
0.434087772115
0.432879699974
0.431674828779
0.43047315887
0.429274690523
0.428079423949
0.426887359292
0.425698496634
0.424512835991
0.423330377315
0.422151120493
0.420975065346
0.419802211635
0.418632559053
0.417466107231
0.416302855734
0.415142804065
0.413985951662
0.412832297901
0.411681842092
0.410534583483
0.40939052126
0.408249654542
0.407111982389
0.405977503796
0.404846216868
0.4037181221
0.402593217531
0.401471501876
0.400352973816
0.399237631972
0.398125474902
0.397016501101
0.395910709005
0.394808096985
0.393708663353
0.392612406359
0.391519324191
0.390429414977
0.389342676784
0.388259107618
0.387178705423
0.386101468085
0.385027393429
0.383956479219
0.38288872316
0.381824122897
0.380762676016
0.379704380041
0.37864923244
0.377597230621
0.376548371932
0.375502653664
0.374460073047
0.373420627255
0.372384313404
0.371351128549
0.370321069691
0.36929413377
0.368270317673
0.367249618224
0.366232032196
0.3652175563
0.364206187194
0.363197921478
0.362192755697
0.361190686338
0.360191709833
0.359195822561
0.358203020842
0.357213300943
0.356226659076
0.355243091396
0.354262594007
0.353285162957
0.352310794239
0.351339483795
0.35037122751
0.349406021219
0.348443860701
0.347484741684
0.346528659843
0.345575610801
0.344625590126
0.343678593339
0.342734615904
0.341793653239
0.340855700706
0.339920753618
0.338988807239
0.33805985678
0.337133897402
0.336210924218
0.33529093229
0.334373916631
0.333459872203
0.332548793922
0.331640676653
0.330735515215
0.329833304376
0.328934038858
0.328037713336
0.327144322436
0.326253860738
0.325366322774
0.324481703032
0.323599995951
0.322721195925
0.321845297303
0.320972294389
0.32010218144
0.31923495267
0.318370602247
0.317509124296
0.316650512897
0.315794762088
0.31494186586
0.314091818165
0.313244612911
0.312400243961
0.311558705139
0.310719990225
0.309884092959
0.309051007039
0.30822072612
0.307393243819
0.306568553712
0.305746649334
0.30492752418
0.304111171707
0.30329758533
0.302486758429
0.301678684342
0.30087335637
0.300070767775
0.299270911784
0.298473781583
0.297679370324
0.296887671121
0.29609867705
0.295312381154
0.294528776438
0.293747855872
0.29296961239
0.292194038893
0.291421128247
0.290650873282
0.289883266795
0.289118301551
0.28835597028
0.287596265679
0.286839180413
0.286084707115
0.285332838386
0.284583566793
0.283836884876
0.28309278514
0.282351260061
0.281612302085
0.280875903628
0.280142057075
0.279410754783
0.27868198908
0.277955752263
0.277232036605
0.276510834346
0.275792137701
0.275075938859
0.274362229978
0.273651003193
0.272942250611
0.272235964312
0.271532136353
0.270830758762
0.270131823545
0.269435322682
0.268741248129
0.268049591818
0.267360345656
0.266673501528
0.265989051296
0.265306986799
0.264627299852
0.263949982251
0.263275025769
0.262602422156
0.261932163143
0.261264240439
0.260598645734
0.259935370697
0.259274406978
0.258615746206
0.257959379992
0.257305299929
0.256653497592
0.256003964535
0.255356692297
0.2547116724
0.254068896346
0.253428355624
0.252790041703
0.25215394604
0.251520060072
0.250888375223
0.250258882903
0.249631574506
0.249006441409
0.248383474981
0.247762666571
0.247144007519
0.24652748915
0.245913102777
0.2453008397
0.244690691206
0.244082648574
0.243476703067
0.24287284594
0.242271068436
0.241671361787
0.241073717217
0.240478125937
0.239884579152
0.239293068056
0.238703583834
0.238116117663
0.237530660712
0.236947204142
0.236365739105
0.235786256749
0.235208748212
0.234633204628
0.234059617121
0.233487976814
0.23291827482
0.232350502249
0.231784650205
0.231220709789
0.230658672095
0.230098528215
0.229540269236
0.228983886242
0.228429370315
0.227876712531
0.227325903968
0.226776935697
0.22622979879
0.225684484317
0.225140983346
0.224599286944
0.224059386179
0.223521272115
0.22298493582
0.222450368359
0.221917560799
0.221386504207
0.220857189652
0.220329608203
0.219803750932
0.219279608912
0.218757173219
0.21823643493
0.217717385126
0.217200014892
0.216684315313
0.216170277482
0.215657892492
0.215147151443
0.214638045438
0.214130565584
0.213624702996
0.213120448791
0.212617794094
0.212116730033
0.211617247746
0.211119338374
0.210622993067
0.210128202979
0.209634959275
0.209143253125
0.208653075706
0.208164418205
0.207677271816
0.207191627743
0.206707477197
0.206224811397
0.205743621575
0.20526389897
0.20478563483
0.204308820415
0.203833446995
0.203359505848
0.202886988267
0.202415885551
0.201946189015
0.201477889983
0.20101097979
0.200545449785
0.200081291328
0.199618495792
0.199157054562
0.198696959035
0.198238200625
0.197780770754
0.197324660863
0.196869862402
0.196416366837
0.195964165651
0.195513250336
0.195063612403
0.194615243376
0.194168134796
0.193722278216
0.193277665209
0.192834287359
0.19239213627
0.19195120356
0.191511480864
0.191072959835
0.190635632139
0.190199489464
0.189764523511
0.189330726
0.188898088671
0.188466603278
0.188036261594
0.187607055413
0.187178976543
0.186752016815
0.186326168075
0.185901422191
0.185477771049
0.185055206552
0.184633720628
0.184213305219
0.18379395229
0.183375653826
0.182958401831
0.182542188331
0.182127005371
0.181712845019
0.18129969936
0.180887560505
0.180476420582
0.180066271744
0.179657106164
0.179248916035
0.178841693575
0.178435431023
0.17803012064
0.177625754708
0.177222325536
0.17681982545
0.176418246803
0.17601758197
0.175617823348
0.175218963359
0.174820994448
0.174423909082
0.174027699754
0.17363235898
0.1732378793
0.172844253278
0.172451473503
0.172059532587
0.171668423169
0.171278137911
0.170888669499
0.170500010646
0.17011215409
0.169725092592
0.16933881894
0.168953325949
0.168568606456
0.168184653326
0.167801459451
0.167419017746
0.167037321153
0.166656362642
0.166276135208
0.165896631872
0.165517845681
0.165139769711
0.164762397063
0.164385720864
0.164009734271
0.163634430464
0.163259802654
0.162885844076
0.162512547995
0.162139907702
0.161767916516
0.161396567783
0.161025854877
0.1606557712
0.160286310182
0.159917465281
0.159549229983
0.159181597801
0.158814562279
0.158448116986
0.158082255521
0.157716971513
0.157352258616
0.156988110516
0.156624520926
0.156261483588
0.155898992273
0.155537040781
0.155175622941
0.154814732609
0.154454363675
0.154094510053
0.153735165689
0.153376324557
0.153017980663
0.152660128039
0.152302760748
0.151945872883
0.151589458566
0.151233511948
0.150878027212
0.150522998568
0.150168420257
0.14981428655
0.149460591748
0.149107330182
0.148754496212
0.148402084228
0.148050088652
0.147698503934
0.147347324556
0.146996545028
0.146646159891
0.146296163718
0.14594655111
0.1455973167
0.14524845515
0.144899961152
0.144551829431
0.14420405474
0.143856631863
0.143509555615
0.143162820842
0.142816422418
0.142470355251
0.142124614276
0.141779194463
0.141434090808
0.14108929834
0.14074481212
0.140400627236
0.140056738809
0.139713141991
0.139369831964
0.139026803941
0.138684053164
0.138341574909
0.137999364479
0.137657417211
0.137315728471
0.136974293656
0.136633108193
0.136292167542
0.135951467192
0.135611002662
0.135270769503
0.134930763297
0.134590979656
0.134251414222
0.13391206267
0.133572920704
0.133233984059
0.1328952485
0.132556709823
0.132218363857
0.131880206458
0.131542233515
0.131204440947
0.130866824703
0.130529380763
0.130192105139
0.129854993871
0.129518043031
0.129181248722
0.128844607076
0.128508114257
0.128171766459
0.127835559905
0.12749949085
0.12716355558
0.126827750409
0.126492071684
0.126156515779
0.125821079103
0.12548575809
0.125150549207
0.124815448952
0.124480453852
0.124145560463
0.123810765374
0.1234760652
0.123141456591
0.122806936222
0.122472500801
0.122138147066
0.121803871783
0.12146967175
0.121135543792
0.120801484768
0.120467491562
0.120133561091
0.1197996903
0.119465876164
0.119132115689
0.118798405908
0.118464743885
0.118131126714
0.117797551516
0.117464015444
0.11713051568
0.116797049432
0.116463613942
0.116130206478
0.115796824337
0.115463464848
0.115130125366
0.114796803276
0.114463495991
0.114130200956
0.113796915642
0.113463637549
0.113130364206
0.112797093171
0.112463822031
0.1121305484
0.111797269923
0.111463984272
0.111130689146
0.110797382275
0.110464061417
0.110130724355
0.109797368905
0.109463992908
0.109130594233
0.108797170779
0.108463720472
0.108130241265
0.107796731141
0.107463188108
0.107129610205
0.106795995496
0.106462342074
0.106128648059
0.105794911599
0.105461130869
0.105127304073
0.104793429439
0.104459505227
0.104125529719
0.103791501229
0.103457418094
0.103123278682
0.102789081386
0.102454824624
0.102120506845
0.101786126521
0.101451682155
0.101117172272
0.100782595427
0.1004479502
0.100113235198
0.0997784490559
0.0994435904324
0.099108658014
0.0987736505136
0.0984385666699
0.0981034052479
0.0977681650389
0.0974328448601
0.0970974435547
0.0967619599917
0.0964263930663
0.0960907416992
0.095755004837
0.095419181452
0.095083270542
0.0947472711305
0.0944111822664
0.0940750030241
0.0937387325033
0.0934023698292
0.0930659141519
0.0927293646471
0.0923927205153
0.0920559809823
0.0917191452987
0.0913822127401
0.0910451826072
0.090708054225
0.0903708269439
0.0900335001384
0.0896960732079
0.0893585455764
0.0890209166923
0.0886831860284
0.088345353082
0.0880074173745
0.0876693784517
0.0873312358836
0.0869929892641
0.0866546382115
0.0863161823676
0.0859776213985
0.0856389549941
0.0853001828679
0.0849613047574
0.0846223204234
0.0842832296506
0.0839440322471
0.0836047280444
0.0832653168976
0.082925798685
0.082586173308
0.0822464406915
0.0819066007834
0.0815666535545
0.0812265989989
0.0808864371334
0.0805461679978
0.0802057916546
0.0798653081891
0.0795247177092
0.0791840203454
0.0788432162509
0.078502305601
0.0781612885938
0.0778201654494
0.0774789364102
0.0771376017411
0.0767961617286
0.0764546166818
0.0761129669313
0.0757712128298
0.0754293547519
0.0750873930939
0.0747453282739
0.0744031607313
0.0740608909275
0.073718519345
0.073376046488
0.0730334728818
0.0726907990732
0.07234802563
0.0720051531413
0.071662182217
0.0713191134882
0.0709759476069
0.0706326852459
0.0702893270986
0.0699458738792
0.0696023263227
0.0692586851843
0.0689149512398
0.0685711252855
0.0682272081379
0.0678832006336
0.0675391036297
0.067194918003
0.0668506446506
0.0665062844894
0.0661618384561
0.0658173075073
0.0654726926192
0.0651279947876
0.0647832150279
0.064438354375
0.064093413883
0.0637483946256
0.0634032976954
0.0630581242043
0.0627128752832
0.0623675520822
0.06202215577
0.0616766875342
0.0613311485812
0.0609855401361
0.0606398634424
0.0602941197622
0.0599483103761
0.0596024365829
0.0592564996996
0.0589105010614
0.0585644420216
0.0582183239516
0.0578721482405
0.0575259162953
0.0571796295408
0.0568332894192
0.0564868973907
0.0561404549327
0.0557939635398
0.0554474247244
0.0551008400157
0.0547542109603
0.0544075391215
0.0540608260801
0.0537140734332
0.0533672827951
0.0530204557965
0.052673594085
0.0523266993244
0.0519797731952
0.0516328173941
0.0512858336341
0.0509388236444
0.0505917891701
0.0502447319724
0.0498976538286
0.0495505565315
0.0492034418896
0.0488563117273
0.0485091678844
0.048162012216
0.0478148465929
0.0474676729007
0.0471204930406
0.0467733089286
0.046426122496
0.0460789356885
0.0457317504672
0.0453845688075
0.0450373926997
0.0446902241483
0.0443430651726
0.0439959178062
0.0436487840967
0.0433016661062
0.0429545659107
0.0426074856002
0.0422604272788
0.0419133930641
0.0415663850877
0.0412194054948
0.0408724564439
0.0405255401072
0.0401786586702
0.0398318143317
0.0394850093036
0.039138245811
0.038791526092
0.0384448523975
0.0380982269913
0.0377516521499
0.0374051301627
0.0370586633312
0.0367122539699
0.0363659044053
0.0360196169763
0.0356733940342
0.0353272379421
0.0349811510754
0.0346351358215
0.0342891945794
0.0339433297601
0.0335975437862
0.033251839092
0.0329062181234
0.0325606833374
0.0322152372029
0.0318698821995
0.0315246208186
0.0311794555622
0.0308343889436
0.0304894234871
0.0301445617278
0.0297998062115
0.0294551594948
0.0291106241451
0.0287662027401
0.0284218978682
0.028077712128
0.0277336481286
0.0273897084893
0.0270458958396
0.0267022128191
0.0263586620773
0.0260152462739
0.0256719680784
0.0253288301699
0.0249858352375
0.02464298598
0.0243002851056
0.0239577353321
0.0236153393868
0.0232731000065
0.0229310199371
0.0225891019338
0.0222473487613
0.0219057631931
0.0215643480119
0.0212231060094
0.0208820399861
0.0205411527517
0.0202004471245
0.0198599259314
0.0195195920084
0.0191794481998
0.0188394973587
0.0184997423464
0.018160186033
0.017820831297
0.0174816810249
0.017142738112
0.0168040054615
0.016465485985
0.0161271826022
0.0157890982407
0.0154512358364
0.0151135983331
0.0147761886826
0.0144390098445
0.0141020647863
0.0137653564833
0.0134288879185
0.0130926620829
0.0127566819747
0.0124209506002
0.012085470973
0.0117502461143
0.0114152790528
0.0110805728248
0.0107461304739
0.010411955051
0.0100780496146
0.00974441723031
0.00941106097113
0.00907798391726
0.00874518915611
0.00841267978228
0.00808045889751
0.00774852961065
0.00741689503764
0.00708555830147
0.00675452253213
0.00642379086662
0.00609336644892
0.0057632524299
0.00543345196735
0.00510396822592
0.00477480437705
0.00444596359904
0.00411744907704
0.00378926400298
0.00346141157558
0.00313389500033
0.00280671748938
0.00247988226163
0.00215339254262
0.00182725156455
0.00150146256622
0.00117602879309
0.000850953497171
0.000526239937051
0.000201891377873
-0.000122088908687
-0.000445697644442
-0.000768931544707
-0.00109178731832
-0.00141426166764
-0.00173635128861
-0.00205805287071
-0.00237936309704
-0.00270027864427
-0.0030207961827
-0.00334091237627
-0.00366062388257
-0.00397992735282
-0.00429881943197
-0.00461729675862
-0.00493535596509
-0.00525299367743
-0.00557020651543
-0.0058869910926
-0.00620334401624
-0.00651926188744
-0.00683474130106
-0.00714977884578
-0.00746437110409
-0.00777851465235
-0.00809220606074
-0.00840544189332
-0.00871821870804
-0.00903053305674
-0.00934238148518
-0.00965376053304
-0.00996466673396
-0.0102750966155
-0.0105850466993
-0.010894513501
-0.01120349353
-0.01151198329
-0.0118199792787
-0.0121274779879
-0.0124344759033
-0.0127409695049
-0.0130469552668
-0.0133524296572
-0.0136573891385
-0.0139618301673
-0.0142657491943
-0.0145691426646
-0.0148720070176
-0.0151743386868
-0.0154761341001
-0.0157773896798
-0.0160781018424
-0.0163782669991
-0.0166778815552
-0.0169769419106
-0.0172754444597
-0.0175733855913
-0.017870761689
-0.0181675691306
-0.0184638042889
-0.018759463531
-0.019054543219
-0.0193490397095
-0.0196429493539
-0.0199362684985
-0.0202289934844
-0.0205211206474
-0.0208126463184
-0.0211035668234
-0.021393878483
-0.0216835776133
-0.0219726605251
-0.0222611235247
-0.0225489629134
-0.0228361749878
-0.0231227560398
-0.0234087023566
-0.0236940102209
-0.0239786759109
-0.0242626957002
-0.0245460658579
-0.0248287826491
-0.0251108423343
-0.0253922411699
-0.0256729754079
-0.0259530412965
-0.0262324350797
-0.0265111529977
-0.0267891912864
-0.0270665461784
-0.0273432139021
-0.0276191906825
-0.0278944727409
-0.028169056295
-0.0284429375592
-0.0287161127443
-0.0289885780582
-0.0292603297052
-0.0295313638866
-0.0298016768008
-0.0300712646432
-0.0303401236062
-0.0306082498797
-0.0308756396505
-0.0311422891034
-0.0314081944202
-0.0316733517806
-0.031937757362
-0.0322014073395
-0.0324642978862
-0.0327264251731
-0.0329877853695
-0.0332483746429
-0.0335081891591
-0.0337672250822
-0.0340254785752
-0.0342829457994
-0.0345396229151
-0.0347955060816
-0.0350505914569
-0.0353048751985
-0.0355583534629
-0.0358110224062
-0.0360628781837
-0.0363139169507
-0.0365641348619
-0.0368135280721
-0.0370620927362
-0.037309825009
-0.0375567210457
-0.0378027770019
-0.0380479890338
-0.0382923532982
-0.0385358659527
-0.0387785231561
-0.0390203210678
-0.0392612558491
-0.039501323662
-0.0397405206706
-0.0399788430403
-0.0402162869386
-0.0404528485346
-0.040688524
-0.0409233095082
-0.0411572012356
-0.0413901953608
-0.0416222880651
-0.041853475533
-0.0420837539517
-0.0423131195118
-0.0425415684072
-0.0427690968352
-0.0429957009969
-0.0432213770973
-0.0434461213451
-0.0436699299535
-0.0438927991398
-0.0441147251259
-0.0443357041382
-0.0445557324081
-0.0447748061719
-0.0449929216711
-0.0452100751524
-0.0454262628681
-0.0456414810761
-0.0458557260402
-0.0460689940301
-0.0462812813218
-0.0464925841975
-0.0467028989461
-0.0469122218631
-0.0471205492508
-0.0473278774186
-0.0475342026831
-0.0477395213684
-0.047943829806
-0.0481471243353
-0.0483494013034
-0.0485506570659
-0.0487508879861
-0.0489500904363
-0.0491482607971
-0.049345395458
-0.0495414908175
-0.0497365432833
-0.0499305492723
-0.050123505211
-0.0503154075357
-0.0505062526923
-0.0506960371371
-0.0508847573363
-0.0510724097667
-0.0512589909157
-0.0514444972814
-0.0516289253727
-0.0518122717099
-0.0519945328244
-0.0521757052592
-0.0523557855687
-0.0525347703194
-0.0527126560897
-0.0528894394702
-0.0530651170636
-0.0532396854856
-0.0534131413642
-0.0535854813404
-0.0537567020683
-0.0539268002152
-0.0540957724617
-0.0542636155021
-0.0544303260443
-0.0545959008102
-0.0547603365357
-0.0549236299711
-0.0550857778809
-0.0552467770444
-0.0554066242555
-0.055565316323
-0.055722850071
-0.0558792223386
-0.0560344299804
-0.0561884698667
-0.0563413388834
-0.0564930339323
-0.0566435519314
-0.0567928898148
-0.0569410445331
-0.0570880130533
-0.0572337923594
-0.0573783794519
-0.0575217713486
-0.0576639650844
-0.0578049577114
-0.0579447462995
-0.058083327936
-0.058220699726
-0.0583568587927
-0.0584918022774
-0.0586255273394
-0.0587580311568
-0.0588893109259
-0.0590193638619
-0.0591481871988
-0.0592757781896
-0.0594021341065
-0.0595272522408
-0.0596511299035
-0.059773764425
-0.0598951531554
-0.0600152934647
-0.0601341827431
-0.0602518184005
-0.0603681978676
-0.060483318595
-0.0605971780543
-0.0607097737375
-0.0608211031576
-0.0609311638485
-0.0610399533652
-0.0611474692839
-0.0612537092023
-0.0613586707393
-0.0614623515359
-0.0615647492545
-0.0616658615796
-0.0617656862174
-0.0618642208968
-0.0619614633685
-0.0620574114059
-0.0621520628048
-0.0622454153839
-0.0623374669843
-0.0624282154704
-0.0625176587295
-0.0626057946722
-0.0626926212323
-0.0627781363671
-0.0628623380573
-0.0629452243077
-0.0630267931465
-0.063107042626
-0.0631859708227
-0.063263575837
-0.063339855794
-0.063414808843
-0.0634884331579
-0.0635607269373
-0.0636316884047
-0.0637013158087
-0.0637696074225
-0.0638365615451
-0.0639021765004
-0.0639664506379
-0.0640293823329
-0.064090969986
-0.0641512120241
-0.0642101068997
-0.0642676530917
-0.0643238491051
-0.0643786934712
-0.0644321847481
-0.0644843215201
-0.0645351023986
-0.0645845260219
-0.0646325910552
-0.0646792961908
-0.0647246401487
-0.0647686216759
-0.0648112395472
-0.0648524925652
-0.0648923795603
-0.0649308993908
-0.0649680509433
-0.0650038331327
-0.0650382449024
-0.0650712852241
-0.0651029530986
-0.0651332475555
-0.0651621676533
-0.0651897124799
-0.0652158811523
-0.0652406728174
-0.0652640866515
-0.0652861218607
-0.0653067776812
-0.0653260533794
-0.0653439482519
-0.0653604616259
-0.0653755928592
-0.0653893413405
-0.0654017064893
-0.0654126877566
-0.0654222846245
-0.0654304966067
-0.0654373232488
-0.0654427641279
-0.0654468188536
-0.0654494870676
-0.0654507684441
-0.0654506626898
-0.0654491695445
-0.0654462887809
-0.065442020205
-0.0654363636562
-0.0654293190077
-0.0654208861665
-0.0654110650735
-0.0653998557041
-0.0653872580682
-0.0653732722103
-0.0653578982099
-0.0653411361817
-0.0653229862758
-0.0653034486778
-0.0652825236092
-0.0652602113277
-0.0652365121273
-0.0652114263383
-0.065184954328
-0.0651570965009
-0.0651278532985
-0.0650972252
-0.0650652127223
-0.0650318164205
-0.0649970368879
-0.0649608747563
-0.0649233306965
-0.0648844054183
-0.0648440996709
-0.0648024142431
-0.0647593499638
-0.0647149077017
-0.0646690883665
-0.0646218929082
-0.064573322318
-0.0645233776286
-0.0644720599141
-0.0644193702906
-0.0643653099165
-0.0643098799925
-0.0642530817624
-0.064194916513
-0.0641353855743
-0.0640744903204
-0.0640122321693
-0.0639486125832
-0.0638836330694
-0.0638172951796
-0.0637496005115
-0.0636805507078
-0.0636101474577
-0.0635383924963
-0.0634652876056
-0.0633908346144
-0.0633150353989
-0.0632378918828
-0.0631594060379
-0.0630795798843
-0.0629984154907
-0.0629159149747
-0.0628320805034
-0.0627469142936
-0.0626604186119
-0.0625725957756
-0.0624834481524
-0.0623929781614
-0.0623011882729
-0.0622080810091
-0.0621136589444
-0.0620179247056
-0.0619208809723
-0.0618225304775
-0.0617228760077
-0.0616219204033
-0.0615196665591
-0.0614161174243
-0.0613112760035
-0.0612051453563
-0.0610977285983
-0.0609890289011
-0.0608790494928
-0.0607677936582
-0.0606552647394
-0.060541466136
-0.0604264013055
-0.0603100737636
-0.0601924870847
-0.0600736449021
-0.0599535509085
-0.0598322088561
-0.0597096225573
-0.0595857958849
-0.0594607327722
-0.0593344372139
-0.0592069132658
-0.0590781650457
-0.0589481967334
-0.0588170125712
-0.0586846168641
-0.0585510139803
-0.0584162083514
-0.0582802044728
-0.058143006904
-0.0580046202689
-0.0578650492563
-0.0577242986198
-0.0575823731786
-0.0574392778175
-0.0572950174872
-0.0571495972049
-0.0570030220541
-0.0568552971855
-0.0567064278168
-0.056556419233
-0.0564052767872
-0.0562530059001
-0.056099612061
-0.0559451008275
-0.055789477826
-0.0556327487522
-0.0554749193708
-0.0553159955161
-0.0551559830923
-0.0549948880733
-0.0548327165035
-0.0546694744975
-0.0545051682407
-0.0543398039893
-0.0541733880704
-0.0540059268824
-0.0538374268951
-0.0536678946498
-0.0534973367596
-0.0533257599094
-0.0531531708561
-0.0529795764289
-0.0528049835291
-0.0526293991305
-0.0524528302796
-0.0522752840952
-0.052096767769
-0.0519172885655
-0.0517368538221
-0.0515554709492
-0.0513731474299
-0.0511898908208
-0.0510057087512
-0.0508206089237
-0.0506345991141
-0.0504476871711
-0.0502598810168
-0.0500711886461
-0.0498816181271
-0.0496911776012
-0.0494998752824
-0.0493077194579
-0.0491147184875
-0.048920880804
-0.0487262149128
-0.0485307293918
-0.0483344328914
-0.0481373341341
-0.047939441915
-0.0477407651007
-0.0475413126299
-0.0473410935129
-0.0471401168314
-0.0469383917382
-0.0467359274573
-0.0465327332834
-0.0463288185817
-0.0461241927875
-0.0459188654062
-0.0457128460128
-0.0455061442518
-0.0452987698366
-0.0450907325492
-0.04488204224
-0.0446727088276
-0.044462742298
-0.0442521527042
-0.0440409501665
-0.043829144871
-0.0436167470702
-0.0434037670818
-0.0431902152886
-0.0429761021378
-0.0427614381407
-0.0425462338722
-0.0423304999699
-0.0421142471341
-0.0418974861268
-0.0416802277713
-0.0414624829516
-0.0412442626117
-0.0410255777552
-0.0408064394444
-0.0405868587998
-0.0403668469993
-0.0401464152776
-0.0399255749256
-0.0397043372895
-0.03948271377
-0.0392607158219
-0.039038354953
-0.0388156427232
-0.0385925907444
-0.0383692106787
-0.0381455142384
-0.0379215131847
-0.037697219327
-0.0374726445218
-0.0372478006723
-0.0370226997268
-0.0367973536784
-0.0365717745636
-0.0363459744618
-0.0361199654937
-0.0358937598209
-0.0356673696446
-0.0354408072046
-0.0352140847782
-0.0349872146795
-0.0347602092578
-0.0345330808969
-0.0343058420137
-0.0340785050577
-0.0338510825089
-0.0336235868774
-0.0333960307023
-0.0331684265497
-0.0329407870126
-0.0327131247087
-0.0324854522799
-0.0322577823907
-0.0320301277271
-0.0318025009953
-0.0315749149203
-0.0313473822448
-0.0311199157278
-0.0308925281432
-0.0306652322789
-0.0304380409346
-0.0302109669214
-0.0299840230599
-0.0297572221787
-0.0295305771135
-0.0293041007052
-0.0290778057987
-0.0288517052417
-0.0286258118826
-0.0284001385699
-0.02817469815
-0.027949503466
-0.0277245673563
-0.0274999026532
-0.0272755221808
-0.0270514387543
-0.0268276651779
-0.0266042142432
-0.0263810987282
-0.0261583313953
-0.0259359249898
-0.0257138922382
-0.0254922458472
-0.0252709985012
-0.0250501628615
-0.0248297515642
-0.0246097772188
-0.0243902524066
-0.0241711896788
-0.0239526015552
-0.0237345005222
-0.0235168990317
-0.0232998094987
-0.0230832443002
-0.0228672157734
-0.0226517362139
-0.0224368178741
-0.0222224729615
-0.0220087136371
-0.0217955520135
-0.0215830001534
-0.0213710700679
-0.0211597737147
-0.0209491229964
-0.0207391297589
-0.0205298057894
-0.0203211628152
-0.0201132125014
-0.0199059664499
-0.0196994361968
-0.0194936332114
-0.0192885688942
-0.0190842545753
-0.0188807015125
-0.0186779208899
-0.0184759238157
-0.018274721321
-0.018074324358
-0.0178747437978
-0.0176759904295
-0.0174780749579
-0.0172810080019
-0.0170848000931
-0.0168894616739
-0.0166950030956
-0.0165014346173
-0.0163087664038
-0.0161170085238
-0.0159261709488
-0.0157362635511
-0.0155472961019
-0.0153592782702
-0.0151722196208
-0.014986129613
-0.0148010175986
-0.0146168928204
-0.0144337644109
-0.0142516413904
-0.0140705326656
-0.0138904470277
-0.0137113931516
-0.0135333795933
-0.0133564147893
-0.0131805070547
-0.0130056645815
-0.0128318954374
-0.0126592075642
-0.0124876087766
-0.01231710676
-0.0121477090699
-0.0119794231301
-0.0118122562312
-0.0116462155293
-0.0114813080447
-0.0113175406605
-0.0111549201209
-0.0109934530306
-0.0108331458527
-0.0106740049079
-0.0105160363729
-0.0103592462794
-0.0102036405127
-0.0100492248106
-0.00989600476194
-0.00974398580555
-0.00959317322914
-0.00944357216808
-0.00929518760423
-0.00914802436487
-0.00900208712159
-0.00885738038922
-0.00871390852478
-0.00857167572644
-0.00843068603249
-0.00829094332041
-0.00815245130585
-0.0080152135417
-0.00787923341719
-0.00774451415698
-0.00761105882026
-0.00747887029995
-0.00734795132185
-0.00721830444382
-0.00708993205502
-0.00696283637519
-0.00683701945386
-0.00671248316968
-0.00658922922975
-0.00646725916897
-0.00634657434938
-0.0062271759596
-0.00610906501426
-0.00599224235341
-0.00587670864204
-0.00576246436959
-0.00564950984945
-0.00553784521856
-0.00542747043697
-0.00531838528749
-0.00521058937529
-0.00510408212764
-0.00499886279353
-0.00489493044348
-0.00479228396924
-0.00469092208362
-0.00459084332025
-0.00449204603351
-0.00439452839833
-0.00429828841013
-0.00420332388472
-0.00410963245833
-0.00401721158754
-0.00392605854931
-0.00383617044106
-0.00374754418072
-0.00366017650689
-0.00357406397891
-0.0034892029771
-0.00340558970291
-0.0033232201792
-0.00324209025045
-0.00316219558311
-0.00308353166588
-0.00300609381005
-0.00292987714996
-0.00285487664333
-0.00278108707175
-0.00270850304113
-0.00263711898225
-0.00256692915124
-0.00249792763016
-0.00243010832765
-0.00236346497946
-0.0022979911492
-0.00223368022897
-0.00217052534013
-0.00210851973469
-0.00204765619398
-0.0019879274316
-0.00192932599355
-0.0018718442591
-0.00181547444166
-0.00176020858975
-0.0017060385879
-0.00165295615769
-0.00160095285872
-0.0015500200897
-0.00150014908947
-0.00145133093813
-0.00140355655819
-0.00135681671569
-0.00131110202139
-0.00126640293204
-0.00122270975154
-0.00118001263228
-0.0011383015764
-0.00109756643715
-0.0010577969202
-0.00101898258506
-0.000981112846478
-0.000944176975853
-0.000908164102728
-0.000873063216256
-0.000838863166724
-0.000805552667085
-0.00077312029453
-0.000741554492072
-0.000710843570162
-0.000680975708334
-0.000651938956862
-0.000623721238452
-0.000596310349954
-0.000569693964101
-0.00054385963126
-0.000518794781223
-0.000494486725007
-0.000470922656685
-0.000448089655232
-0.000425974686398
-0.000404564604601
-0.000383846154841
-0.000363805974636
-0.000344430595973
-0.000325706447288
-0.000307619855458
-0.00029015704782
-0.000273304154197
-0.000257047208957
-0.000241372153083
-0.000226264836255
-0.000211711018965
-0.000197696374636
-0.000184206491759
-0.000171226876057
-0.000158742952651
-0.000146740068251
-0.000135203493359
-0.000124118424489
-0.000113469986395
-0.000103243234324
-9.34231562714e-05
-8.39946752556e-05
-7.49426516058e-05
-6.62518852589e-05
-5.79071180711e-05
-4.98930361391e-05
-4.21942721334e-05
-3.47954076418e-05
-2.76809755236e-05
-2.08354622725e-05
-1.42433103901e-05
-7.88892076716e-06
-1.75665507366e-06
4.16916184287e-06
9.90423955205e-06
1.54643196279e-05
2.08651732296e-05
2.61225986766e-05
3.12524190168e-05
3.6270479591e-05
4.11926455916e-05
4.60347996172e-05
5.08128392235e-05
5.55426744709e-05
6.02402254688e-05
6.49214199177e-05
6.96021906494e-05
7.42984731656e-05
7.90262031753e-05
8.38013141316e-05
8.86397347688e-05
9.35573866395e-05
9.85701816523e-05
0.000103694019611
0.000108944785756
0.000114338348308
0.000119890556011
0.000125617235687
0.00013153418978
0.000137657193922
0.000144001994489
0.000150584306167
0.000157419809525
0.000164524148593
0.000171912928445
0.000179601712791
0.000187606021571
0.000195941328568
0.000204623059014
0.00021366658722
0.0002230872342
0.000232900265321
0.000243120887946
0.0002537642491
0.000264845433141
0.000276379459446
0.000288381280103
0.00030086577762
0.000313847762647
0.000327341971707
0.000341363064941
0.000355925623874
0.000371044149185
0.000386733058497
0.000403006684182
0.000419879271183
0.000437364974846
0.000455477858774
0.000474231892697
0.000493640950356
0.000513718807407
0.000534479139342
0.00055593551943
0.00057810141667
0.000600990193775
0.000624615105162
0.000648989294974
0.000674125795109
0.000700037523281
0.000726737281098
0.000754237752156
0.000782551500163
0.000811690967077
0.000841668471271
0.00087249620572
0.000904186236207
0.000936750499558
0.000970200801894
0.00100454881691
0.00103980608418
0.00107598400748
0.00111309385315
0.00115114674845
0.00119015367999
0.00123012549211
0.00127107288538
0.00131300641509
0.00135593648966
0.00139987336929
0.00144482716444
0.00149080783443
0.00153782518607
0.00158588887229
0.00163500839077
0.0016851930827
0.00173645213145
0.00178879456134
0.00184222923641
0.00189676485923
0.00195240996974
0.0020091729441
0.0020670619936
0.00212608516357
0.00218625033233
0.00224756521019
0.00231003733842
0.00237367408835
0.00243848266037
0.00250447008309
0.00257164321243
0.00264000873082
0.00270957314632
0.00278034279194
0.0028523238248
0.00292552222546
0.00299994379722
0.00307559416546
0.00315247877704
0.00323060289966
0.00330997162132
0.00339058984979
0.0034724623121
0.00355559355406
0.00363998793985
0.00372564965156
0.00381258268887
0.00390079086864
0.00399027782464
0.00408104700724
0.00417310168317
0.00426644493528
0.00436107966236
0.00445700857897
0.0045542342153
0.00465275891709
0.00475258484553
0.00485371397726
0.00495614810432
0.0050598888342
0.00516493758986
0.00527129560986
0.00537896394842
0.0054879434756
0.00559823487744
0.00570983865619
0.00582275513053
0.00593698443583
0.00605252652444
0.006169381166
0.00628754794781
0.00640702627521
0.00652781537193
0.00664991428063
0.00677332186325
0.00689803680159
0.00702405759778
0.00715138257484
0.00728000987728
0.00740993747167
0.00754116314729
0.00767368451678
0.00780749901683
0.00794260390891
0.00807899627996
0.00821667304321
0.00835563093894
0.0084958665353
0.00863737622917
0.00878015624699
0.0089242026457
0.00906951131362
0.00921607797143
0.0093638981731
0.00951296730688
0.00966328059636
0.00981483310146
0.00996761971952
0.0101216351864
0.0102768740774
0.0104333308071
0.010590999637
0.0107498746664
0.0109099498407
0.0110712189507
0.0112336756339
0.0113973133757
0.011562125511
0.0117281052249
0.0118952455545
0.0120635393901
0.0122329794766
0.0124035584146
0.0125752686622
0.0127481025362
0.0129220522134
0.0130971097323
0.0132732669946
0.0134505157661
0.013628847679
0.0138082542329
0.0139887267964
0.0141702566088
0.0143528347815
0.0145364522996
0.0147211000234
0.0149067686903
0.0150934489161
0.0152811311967
0.0154698058294
0.0156594630926
0.0158500933399
0.01604168646
0.0162342323742
0.0164277208939
0.0166221417226
0.0168174844569
0.0170137385889
0.0172108935078
0.0174089385012
0.0176078627574
0.0178076553669
0.0180083053242
0.0182098015295
0.0184121327907
0.0186152878247
0.0188192552599
0.0190240236375
0.0192295814132
0.0194359169596
0.0196430185673
0.0198508744474
0.0200594727325
0.0202688014795
0.0204788486707
0.0206896022158
0.0209010499539
0.0211131796551
0.0213259790227
0.0215394356946
0.0217535372454
0.0219682711881
0.022183624976
0.0223995860049
0.0226161416141
0.0228332790889
0.0230509856626
0.0232692485175
0.0234880547875
0.0237073915596
0.0239272458759
0.0241476047352
0.024368455095
0.0245897838732
0.0248115779501
0.0250338241699
0.0252565093429
0.0254796202469
0.0257031436294
0.0259270662089
0.0261513746773
0.026376055701
0.0266010959233
0.0268264819658
0.02705220043
0.0272782378996
0.0275045809418
0.0277312161092
0.0279581299414
0.0281853089668
0.0284127397045
0.0286404086657
0.0288683023554
0.0290964072743
0.0293247099204
0.0295531967904
0.0297818543819
0.0300106691945
0.0302396277315
0.0304687165019
0.0306979220216
0.0309272308152
0.0311566294175
0.0313861043751
0.0316156422481
0.0318452296111
0.0320748530556
0.0323044991907
0.032534154645
0.0327638060683
0.0329934401324
0.0332230435333
0.0334526029922
0.0336821052571
0.033911537104
0.0341408853386
0.0343701367978
0.0345992783505
0.0348282968994
0.0350571793824
0.0352859127735
0.0355144840847
0.0357428803668
0.0359710887108
0.0361990962493
0.0364268901579
0.0366544576558
0.0368817860077
0.0371088625247
0.0373356745653
0.0375622095371
0.0377884548972
0.0380143981541
0.0382400268683
0.0384653286535
0.0386902911779
0.0389149021648
0.0391391493942
0.0393630207035
0.0395865039883
0.039809587204
0.0400322583663
0.0402545055521
0.0404763169009
0.0406976806151
0.0409185849615
0.0411390182716
0.0413589689432
0.0415784254403
0.0417973762948
0.0420158101068
0.0422337155455
0.04245108135
0.0426678963302
0.0428841493671
0.043099829414
0.0433149254969
0.0435294267155
0.0437433222432
0.0439566013286
0.0441692532954
0.0443812675434
0.044592633549
0.0448033408659
0.0450133791252
0.0452227380364
0.0454314073878
0.0456393770469
0.0458466369609
0.0460531771572
0.0462589877438
0.0464640589098
0.0466683809258
0.0468719441441
0.0470747389993
0.0472767560087
0.0474779857722
0.0476784189733
0.0478780463786
0.048076858839
0.048274847289
0.0484720027478
0.0486683163189
0.0488637791908
0.0490583826367
0.0492521180153
0.0494449767704
0.0496369504312
0.0498280306128
0.0500182090159
0.0502074774268
0.0503958277181
0.0505832518482
0.0507697418614
0.0509552898884
0.0511398881458
0.0513235289363
0.0515062046489
0.0516879077585
0.0518686308261
0.0520483664987
0.0522271075094
0.0524048466769
0.0525815769059
0.0527572911867
0.052931982595
0.053105644292
0.0532782695244
0.0534498516236
0.0536203840062
0.0537898601735
0.0539582737113
0.0541256182898
0.0542918876632
0.0544570756696
0.0546211762309
0.0547841833522
0.0549460911218
0.0551068937107
0.0552665853725
0.055425160443
0.0555826133399
0.0557389385626
0.0558941306915
0.0560481843881
0.0562010943944
0.0563528555325
0.0565034627044
0.0566529108914
0.0568011951538
0.0569483106307
0.0570942525393
0.0572390161744
0.0573825969085
0.0575249901907
0.0576661915467
0.0578061965783
0.0579450009626
0.058082600452
0.0582189908735
0.0583541681281
0.0584881281904
0.0586208671084
0.0587523810024
0.0588826660651
0.0590117185607
0.0591395348243
0.0592661112619
0.0593914443494
0.059515530632
0.0596383666239
0.0597599492074
0.0598802750353
0.0599993409239
0.0601171437576
0.0602336804873
0.0603489481292
0.0604629437649
0.0605756645401
0.0606871076646
0.0607972704113
0.060906150116
0.0610137441765
0.0611200500523
0.0612250652635
0.0613287873911
0.0614312140752
0.0615323430156
0.0616321719703
0.0617306987555
0.0618279212446
0.0619238373679
0.0620184451116
0.0621117425178
0.0622037276832
0.062294398759
0.0623837539502
0.0624717915147
0.0625585097633
0.0626439070583
0.0627279818136
0.0628107324937
0.0628921576133
0.0629722557365
0.0630510254764
0.0631284654943
0.0632045744993
0.0632793512478
0.0633527945424
0.0634249032318
0.0634956762101
0.0635651124161
0.0636332108327
0.0636999704866
0.0637653904474
0.0638294698271
0.0638922077796
0.0639536035001
0.0640136562247
0.0640723652293
0.0641297298298
0.0641857493809
0.0642404232758
0.0642937509459
0.0643457318596
0.0643963655226
0.0644456514766
0.0644935892992
0.0645401786033
0.0645854190366
0.0646293102807
0.0646718520513
0.0647130440972
0.0647528861997
0.0647913781724
0.0648285198607
0.064864311141
0.0648987519207
0.0649318421372
0.0649635817578
0.0649939707789
0.065023009226
0.0650506971529
0.0650770346262
0.0651020217851
0.0651256587509
0.0651479456862
0.0651688827802
0.0651884702475
0.0652067083283
0.0652235972876
0.0652391374149
0.0652533290238
0.0652661724518
0.0652776680596
0.0652878162308
0.0652966173718
0.0653040719111
0.0653101802992
0.0653149430078
0.06531836053
0.0653204333798
0.0653211620916
0.0653205472197
0.0653185893387
0.0653152890425
0.065310646944
0.0653046636755
0.0652973398874
0.0652886762488
0.0652786734468
0.065267332186
0.0652546531887
0.0652406371946
0.0652252849602
0.0652085972585
0.0651905748796
0.0651712186292
0.0651505293294
0.0651285078181
0.0651051549486
0.0650804715898
0.0650544586256
0.0650271169549
0.0649984474914
0.0649684511635
0.0649371289139
0.0649044816995
0.0648705104915
0.0648352162748
0.0647986000481
0.064760662824
0.0647214056281
0.0646808294998
0.0646389354915
0.0645957246687
0.0645511981099
0.0645053569066
0.0644582021628
0.0644097349954
0.0643599565337
0.0643088679197
0.0642564703076
0.0642027648641
0.0641477527679
0.0640914352101
0.0640338133938
0.0639748885345
0.0639146618592
0.0638531346073
0.06379030803
0.0637261833904
0.0636607619634
0.0635940450359
0.0635260339065
0.0634567298858
0.063386134296
0.0633142484713
0.0632410737576
0.0631666115125
0.0630908631057
0.0630138299184
0.0629355133439
0.0628559147872
0.0627750356653
0.0626928774071
0.0626094414534
0.062524729257
0.0624387422828
0.0623514820076
0.0622629499205
0.0621731475228
0.0620820763278
0.0619897378612
0.0618961336611
0.061801265278
0.0617051342748
0.0616077422269
0.0615090907225
0.0614091813623
0.0613080157599
0.0612055955417
0.061101922347
0.0609969978281
0.0608908236506
0.0607834014931
0.0606747330474
0.060564820019
0.0604536641266
0.0603412671027
0.0602276306932
0.0601127566581
0.0599966467709
0.0598793028195
0.0597607266056
0.0596409199452
0.0595198846686
0.0593976226204
0.05927413566
0.0591494256612
0.0590234945127
0.0588963441178
0.0587679763952
0.0586383932782
0.0585075967157
0.0583755886717
0.0582423711258
0.0581079460731
0.0579723155241
0.0578354815055
0.0576974460596
0.0575582112449
0.0574177791359
0.0572761518234
0.0571333314145
0.0569893200329
0.0568441198187
0.0566977329289
0.0565501615372
0.0564014078342
0.0562514740276
0.0561003623421
0.05594807502
0.0557946143205
0.0556399825206
0.0554841819147
0.0553272148149
0.0551690835513
0.0550097904715
0.0548493379413
0.0546877283446
0.0545249640834
0.054361047578
0.0541959812669
0.0540297676073
0.0538624090748
0.0536939081637
0.0535242673868
0.053353489276
0.0531815763819
0.0530085312739
0.0528343565408
0.0526590547902
0.052482628649
0.0523050807633
0.0521264137985
0.0519466304393
0.0517657333899
0.0515837253742
0.0514006091351
0.0512163874357
0.0510310630584
0.0508446388053
0.0506571174983
0.050468501979
0.050278795109
0.0500879997696
0.0498961188619
0.0497031553071
0.0495091120463
0.0493139920403
0.0491177982702
0.0489205337369
0.0487222014615
0.0485228044847
0.0483223458677
0.0481208286914
0.0479182560568
0.0477146310851
0.047509956917
0.0473042367139
0.0470974736565
0.0468896709459
0.0466808318029
0.0464709594684
0.0462600572031
0.0460481282874
0.0458351760218
0.0456212037262
0.0454062147406
0.0451902124245
0.0449732001569
0.0447551813366
0.0445361593818
0.0443161377301
0.0440951198387
0.0438731091838
0.0436501092611
0.0434261235853
0.0432011556903
0.0429752091288
0.0427482874728
0.0425203943126
0.0422915332577
0.0420617079359
0.0418309219937
0.0415991790958
0.0413664829255
0.0411328371841
0.040898245591
0.0406627118835
0.0404262398169
0.0401888331641
0.0399504957155
0.0397112312789
0.0394710436795
0.0392299367597
0.0389879143788
0.0387449804128
0.0385011387547
0.0382563933138
0.038010748016
0.0377642068032
0.0375167736336
0.037268452481
0.0370192473351
0.0367691622011
0.0365182010995
0.0362663680662
0.0360136671517
0.0357601024216
0.035505677956
0.0352503978494
0.0349942662106
0.0347372871624
0.0344794648413
0.0342208033976
0.0339613069947
0.0337009798095
0.0334398260317
0.0331778498637
0.0329150555205
0.0326514472295
0.03238702923
0.0321218057732
0.0318557811221
0.0315889595507
0.0313213453446
0.0310529428
0.030783756224
0.0305137899338
0.0302430482571
0.0299715355314
0.029699256104
0.0294262143315
0.0291524145798
0.0288778612237
0.0286025586465
0.0283265112402
0.0280497234048
0.0277721995482
0.027493944086
0.0272149614411
0.0269352560434
0.0266548323298
0.0263736947437
0.0260918477348
0.0258092957587
0.0255260432768
0.025242094756
0.0249574546684
0.0246721274909
0.0243861177051
0.0240994297969
0.0238120682564
0.0235240375772
0.0232353422567
0.0229459867954
0.0226559756966
0.0223653134665
0.0220740046134
0.0217820536479
0.0214894650823
0.0211962434303
0.0209023932069
0.0206079189281
0.0203128251104
0.0200171162707
0.0197207969259
0.0194238715928
0.0191263447876
0.0188282210257
0.0185295048213
0.0182302006874
0.0179303131352
0.017629846674
0.0173288058107
0.0170271950498
0.016725018893
0.0164222818387
0.0161189883822
0.0158151430148
0.0155107502239
0.0152058144928
0.0149003403002
0.0145943321198
0.0142877944204
0.0139807316652
0.0136731483121
0.0133650488126
0.0130564376122
0.01274731915
0.012437697858
0.0121275781615
0.0118169644783
0.0115058612184
0.0111942727844
0.0108822035703
0.0105696579619
0.0102566403362
0.00994315506152
0.00962920649665
0.00931479899107
0.0089999368845
0.00868462450667
0.00836886617706
0.00805266620462
0.00773602888759
0.00741895851317
0.00710145935729
0.00678353568439
0.00646519174716
0.00614643178628
0.00582726003021
0.00550768069491
0.00518769798363
0.00486731608668
0.00454653918119
0.00422537143085
0.00390381698573
0.00358187998204
0.00325956454186
0.002936874773
0.00261381476871
0.00229038860751
0.00196660035293
0.00164245405337
0.00131795374181
0.000993103435654
0.000667907136523
0.000342368830039
1.64924856299e-05
-0.000309717943655
-0.00063625852135
-0.000963125327755
-0.00129031446013
-0.00161782203286
-0.00194564417768
-0.0022737770438
-0.00260221679811
-0.00293095962537
-0.00326000172832
-0.00358933932793
-0.00391896866349
-0.00424888599282
-0.0045790875924
-0.00490956975754
-0.00524032880252
-0.00557136106076
-0.00590266288495
-0.00623423064719
-0.00656606073915
-0.00689814957218
-0.00723049357746
-0.00756308920615
-0.00789593292947
-0.00822902123887
-0.00856235064613
-0.00889591768348
-0.00922971890373
-0.00956375088034
-0.00989801020761
-0.0102324935007
-0.0105671973957
-0.0109021185501
-0.0112372536421
-0.0115725993716
-0.0119081524597
-0.0122439096491
-0.0125798677038
-0.0129160234097
-0.0132523735743
-0.0135889150268
-0.0139256446185
-0.0142625592225
-0.0145996557337
-0.0149369310693
-0.0152743821687
-0.0156120059932
-0.0159497995265
-0.0162877597745
-0.0166258837655
-0.0169641685502
-0.0173026112015
-0.0176412088151
-0.0179799585088
-0.0183188574233
-0.0186579027215
-0.0189970915891
-0.0193364212344
-0.0196758888882
-0.0200154918041
-0.0203552272582
-0.0206950925493
-0.0210350849989
-0.0213752019514
-0.0217154407735
-0.0220557988548
-0.0223962736077
-0.0227368624671
-0.0230775628907
-0.0234183723587
-0.0237592883742
-0.0241003084628
-0.0244414301728
-0.0247826510751
-0.0251239687631
-0.0254653808528
-0.0258068849829
-0.0261484788143
-0.0264901600308
-0.0268319263382
-0.027173775465
-0.0275157051619
-0.0278577132021
-0.028199797381
-0.0285419555162
-0.0288841854475
-0.0292264850369
-0.0295688521685
-0.0299112847483
-0.0302537807044
-0.0305963379869
-0.0309389545676
-0.0312816284402
-0.0316243576201
-0.0319671401444
-0.0323099740717
-0.0326528574824
-0.032995788478
-0.0333387651817
-0.0336817857378
-0.0340248483121
-0.0343679510913
-0.0347110922834
-0.0350542701172
-0.0353974828426
-0.0357407287302
-0.0360840060715
-0.0364273131786
-0.036770648384
-0.0371140100411
-0.0374573965233
-0.0378008062245
-0.0381442375589
-0.0384876889605
-0.0388311588838
-0.0391746458027
-0.0395181482114
-0.0398616646236
-0.0402051935727
-0.0405487336115
-0.0408922833125
-0.0412358412673
-0.0415794060868
-0.0419229764012
-0.0422665508594
-0.0426101281295
-0.0429537068982
-0.0432972858712
-0.0436408637725
-0.0439844393447
-0.0443280113489
-0.0446715785644
-0.0450151397886
-0.0453586938371
-0.0457022395434
-0.0460457757588
-0.0463893013524
-0.0467328152109
-0.0470763162385
-0.0474198033569
-0.0477632755051
-0.0481067316392
-0.0484501707324
-0.0487935917749
-0.0491369937738
-0.0494803757528
-0.0498237367526
-0.0501670758299
-0.0505103920584
-0.0508536845277
-0.0511969523439
-0.0515401946289
-0.0518834105208
-0.0522265991737
-0.0525697597572
-0.0529128914568
-0.0532559934735
-0.0535990650237
-0.0539421053393
-0.0542851136675
-0.0546280892704
-0.0549710314254
-0.0553139394248
-0.0556568125757
-0.0559996502
-0.0563424516344
-0.0566852162298
-0.057027943352
-0.0573706323808
-0.0577132827106
-0.0580558937497
-0.0583984649208
-0.0587409956602
-0.0590834854185
-0.0594259336599
-0.0597683398624
-0.0601107035176
-0.0604530241308
-0.0607953012206
-0.0611375343191
-0.0614797229717
-0.061821866737
-0.0621639651868
-0.062506017906
-0.0628480244925
-0.063189984557
-0.0635318977232
-0.0638737636276
-0.0642155819194
-0.0645573522603
-0.0648990743248
-0.0652407477997
-0.0655823723846
-0.0659239477911
-0.0662654737433
-0.0666069499777
-0.066948376243
-0.0672897522997
-0.067631077921
-0.0679723528917
-0.0683135770089
-0.0686547500815
-0.0689958719304
-0.0693369423883
-0.0696779613
-0.0700189285218
-0.0703598439219
-0.0707007073802
-0.0710415187884
-0.0713822780497
-0.071722985079
-0.0720636398029
-0.0724042421596
-0.0727447920986
-0.0730852895813
-0.0734257345803
-0.0737661270799
-0.0741064670759
-0.0744467545754
-0.0747869895973
-0.0751271721715
-0.0754673023398
-0.0758073801551
-0.076147405682
-0.0764873789964
-0.0768273001858
-0.0771671693489
-0.0775069865961
-0.0778467520491
-0.0781864658414
-0.0785261281175
-0.0788657390338
-0.079205298758
-0.0795448074696
-0.0798842653595
-0.0802236726301
-0.0805630294957
-0.0809023361819
-0.0812415929263
-0.0815807999781
-0.0819199575982
-0.0822590660593
-0.082598125646
-0.0829371366548
-0.0832760993939
-0.0836150141837
-0.0839538813564
-0.0842927012566
-0.0846314742406
-0.0849702006771
-0.0853088809471
-0.0856475154436
-0.0859861045723
-0.0863246487511
-0.0866631484104
-0.0870016039931
-0.0873400159549
-0.087678384764
-0.0880167109016
-0.0883549948614
-0.0886932371503
-0.0890314382881
-0.0893695988078
-0.0897077192553
-0.09004580019
-0.0903838421847
-0.0907218458254
-0.0910598117117
-0.091397740457
-0.0917356326883
-0.0920734890463
-0.0924113101859
-0.0927490967758
-0.0930868494989
-0.0934245690525
-0.0937622561479
-0.0940999115112
-0.0944375358828
-0.0947751300182
-0.0951126946871
-0.0954502306747
-0.0957877387808
-0.0961252198207
-0.0964626746248
-0.0968001040389
-0.0971375089244
-0.0974748901584
-0.0978122486337
-0.098149585259
-0.0984869009593
-0.0988241966755
-0.099161473365
-0.0994987320016
-0.0998359735757
-0.100173199095
-0.100510409582
-0.10084760608
-0.101184789646
-0.101521961355
-0.101859122302
-0.102196273596
-0.102533416367
-0.102870551759
-0.103207680939
-0.103544805089
-0.103881925409
-0.104219043121
-0.10455615946
-0.104893275686
-0.105230393075
-0.105567512921
-0.10590463654
-0.106241765266
-0.106578900452
-0.106916043473
-0.107253195722
-0.107590358614
-0.107927533583
-0.108264722083
-0.10860192559
-0.1089391456
-0.109276383631
-0.109613641221
-0.10995091993
-0.110288221339
-0.110625547052
-0.110962898694
-0.111300277912
-0.111637686374
-0.111975125773
-0.112312597823
-0.112650104261
-0.112987646846
-0.113325227363
-0.113662847617
-0.114000509438
-0.11433821468
-0.114675965219
-0.115013762958
-0.115351609822
-0.115689507759
-0.116027458746
-0.11636546478
-0.116703527886
-0.117041650113
-0.117379833535
-0.117718080251
-0.118056392388
-0.118394772095
-0.118733221551
-0.119071742957
-0.119410338545
-0.119749010569
-0.120087761313
-0.120426593085
-0.120765508223
-0.12110450909
-0.121443598077
-0.121782777603
-0.122122050114
-0.122461418084
-0.122800884016
-0.123140450441
-0.123480119916
-0.123819895031
-0.1241597784
-0.12449977267
-0.124839880515
-0.125180104638
-0.125520447772
-0.12586091268
-0.126201502154
-0.126542219017
-0.126883066121
-0.127224046348
-0.127565162612
-0.127906417856
-0.128247815055
-0.128589357213
-0.128931047368
-0.129272888587
-0.129614883967
-0.129957036641
-0.130299349769
-0.130641826546
-0.130984470197
-0.131327283981
-0.131670271187
-0.132013435138
-0.132356779189
-0.132700306728
-0.133044021175
-0.133387925984
-0.133732024642
-0.134076320669
-0.134420817617
-0.134765519073
-0.135110428659
-0.135455550028
-0.135800886868
-0.136146442901
-0.136492221883
-0.136838227606
-0.137184463893
-0.137530934604
-0.137877643633
-0.138224594909
-0.138571792395
-0.138919240089
-0.139266942026
-0.139614902273
-0.139963124935
-0.140311614151
-0.140660374096
-0.141009408979
-0.141358723048
-0.141708320584
-0.142058205903
-0.142408383361
-0.142758857346
-0.143109632284
-0.143460712636
-0.143812102901
-0.144163807613
-0.144515831343
-0.144868178698
-0.145220854322
-0.145573862895
-0.145927209135
-0.146280897795
-0.146634933666
-0.146989321575
-0.147344066387
-0.147699173004
-0.148054646363
-0.14841049144
-0.148766713247
-0.149123316836
-0.149480307291
-0.149837689738
-0.150195469338
-0.150553651289
-0.150912240828
-0.151271243227
-0.151630663798
-0.151990507888
-0.152350780884
-0.152711488207
-0.153072635319
-0.153434227716
-0.153796270934
-0.154158770546
-0.154521732162
-0.154885161429
-0.155249064032
-0.155613445694
-0.155978312174
-0.156343669269
-0.156709522814
-0.157075878681
-0.157442742779
-0.157810121054
-0.158178019491
-0.15854644411
-0.15891540097
-0.159284896166
-0.159654935831
-0.160025526134
-0.160396673282
-0.160768383519
-0.161140663125
-0.161513518418
-0.161886955752
-0.162260981519
-0.162635602146
-0.163010824097
-0.163386653873
-0.163763098013
-0.164140163089
-0.164517855713
-0.164896182529
-0.165275150222
-0.165654765509
-0.166035035145
-0.16641596592
-0.166797564662
-0.167179838231
-0.167562793525
-0.167946437477
-0.168330777056
-0.168715819264
-0.169101571141
-0.16948803976
-0.16987523223
-0.170263155693
-0.170651817328
-0.171041224347
-0.171431383996
-0.171822303557
-0.172213990345
-0.172606451707
-0.172999695028
-0.173393727723
-0.173788557242
-0.174184191068
-0.174580636717
-0.174977901739
-0.175375993715
-0.175774920261
-0.176174689022
-0.17657530768
-0.176976783944
-0.17737912556
-0.177782340302
-0.178186435977
-0.178591420424
-0.178997301511
-0.17940408714
-0.179811785242
-0.180220403778
-0.180629950742
-0.181040434155
-0.18145186207
-0.18186424257
-0.182277583765
-0.182691893799
-0.183107180839
-0.183523453087
-0.183940718769
-0.184358986143
-0.184778263492
-0.185198559129
-0.185619881395
-0.186042238657
-0.186465639309
-0.186890091775
-0.187315604503
-0.187742185968
-0.188169844672
-0.188598589142
-0.189028427932
-0.18945936962
-0.189891422811
-0.190324596133
-0.19075889824
-0.19119433781
-0.191630923546
-0.192068664173
-0.192507568441
-0.192947645124
-0.193388903016
-0.193831350938
-0.19427499773
-0.194719852255
-0.195165923398
-0.195613220068
-0.196061751191
-0.196511525717
-0.196962552615
-0.197414840876
-0.197868399509
-0.198323237546
-0.198779364034
-0.199236788043
-0.199695518661
-0.200155564992
-0.200616936161
-0.20107964131
-0.201543689598
-0.202009090202
-0.202475852316
-0.202943985149
-0.203413497928
-0.203884399895
-0.204356700308
-0.204830408441
-0.20530553358
-0.205782085028
-0.206260072103
-0.206739504134
-0.207220390466
-0.207702740455
-0.208186563472
-0.2086718689
-0.209158666132
-0.209646964575
-0.210136773648
-0.210628102778
-0.211120961406
-0.211615358981
-0.212111304963
-0.212608808821
-0.213107880034
-0.21360852809
-0.214110762484
-0.214614592721
-0.215120028313
-0.215627078779
-0.216135753646
-0.216646062447
-0.217158014721
-0.217671620013
-0.218186887873
-0.218703827859
-0.21922244953
-0.21974276245
-0.220264776191
-0.220788500323
-0.221313944422
-0.221841118068
-0.222370030841
-0.222900692325
-0.223433112103
-0.223967299762
-0.224503264889
-0.225041017072
-0.225580565897
-0.226121920952
-0.226665091823
-0.227210088096
-0.227756919355
-0.228305595181
-0.228856125156
-0.229408518855
-0.229962785853
-0.23051893572
-0.231076978024
-0.231636922326
-0.232198778185
-0.232762555153
-0.233328262777
-0.2338959106
-0.234465508156
-0.235037064973
-0.235610590574
-0.236186094471
-0.236763586172
-0.237343075173
-0.237924570964
-0.238508083025
-0.239093620826
-0.239681193828
-0.240270811481
-0.240862483224
-0.241456218487
-0.242052026685
-0.242649917224
-0.243249899496
-0.243851982881
-0.244456176746
-0.245062490445
-0.245670933315
-0.246281514683
-0.246894243857
-0.247509130134
-0.248126182792
-0.248745411095
-0.24936682429
-0.249990431606
-0.250616242257
-0.251244265439
-0.251874510328
-0.252506986084
-0.253141701846
-0.253778666736
-0.254417889855
-0.255059380284
-0.255703147085
-0.256349199296
-0.256997545938
-0.257648196007
-0.258301158478
-0.258956442305
-0.259614056418
-0.260274009722
-0.260936311103
-0.261600969418
-0.262267993503
-0.262937392169
-0.2636091742
-0.264283348355
-0.264959923368
-0.265638907946
-0.26632031077
-0.267004140492
-0.267690405739
-0.268379115108
-0.269070277168
-0.269763900461
-0.270459993498
-0.271158564761
-0.271859622704
-0.272563175748
-0.273269232286
-0.273977800677
-0.274688889252
-0.275402506307
-0.27611866011
-0.276837358892
-0.277558610855
-0.278282424164
-0.279008806955
-0.279737767326
-0.280469313343
-0.281203453036
-0.281940194401
-0.282679545398
-0.283421513952
-0.284166107951
-0.284913335246
-0.285663203653
-0.286415720949
-0.287170894875
-0.287928733133
-0.288689243387
-0.289452433262
-0.290218310345
-0.290986882183
-0.291758156283
-0.292532140114
-0.293308841101
-0.294088266631
-0.29487042405
-0.295655320662
-0.296442963729
-0.29723336047
-0.298026518064
-0.298822443646
-0.299621144309
-0.3004226271
-0.301226899025
-0.302033967045
-0.302843838077
-0.303656518992
-0.30447201662
-0.30529033774
-0.30611148909
-0.306935477361
-0.307762309196
-0.308591991192
-0.309424529902
-0.310259931829
-0.311098203428
-0.311939351109
-0.312783381231
-0.313630300108
-0.314480114001
-0.315332829126
-0.316188451649
-0.317046987684
-0.317908443297
-0.318772824505
-0.319640137273
-0.320510387515
-0.321383581096
-0.322259723829
-0.323138821474
-0.324020879741
-0.324905904288
-0.32579390072
-0.326684874591
-0.327578831399
-0.328475776593
-0.329375715567
-0.33027865366
-0.331184596159
-0.332093548296
-0.333005515248
-0.333920502138
-0.334838514035
-0.335759555952
-0.336683632847
-0.337610749621
-0.338540911121
-0.339474122138
-0.340410387404
-0.341349711599
-0.342292099343
-0.343237555199
-0.344186083675
-0.345137689219
-0.346092376224
-0.347050149023
-0.348011011892
-0.348974969048
-0.349942024652
-0.350912182803
-0.351885447544
-0.352861822858
-0.35384131267
-0.354823920843
-0.355809651182
-0.356798507355
-0.357790492959
-0.358785612023
-0.359783867869
-0.360785264002
-0.361789803864
-0.362797490837
-0.363808328239
-0.364822319332
-0.365839467311
-0.366859775313
-0.367883246412
-0.36890988362
-0.369939689888
-0.370972668101
-0.372008821087
-0.373048151608
-0.374090662362
-0.375136355988
-0.37618523506
-0.377237302088
-0.378292559519
-0.379351009586
-0.380412654916
-0.381477497615
-0.382545539876
-0.383616783827
-0.384691231534
-0.385768884997
-0.386849746153
-0.387933816873
-0.389021098965
-0.39011159417
-0.391205304167
-0.392302230568
-0.39340237492
-0.394505738708
-0.395612323347
-0.396722130189
-0.397835160522
-0.398951415565
-0.400070896475
-0.401193604341
-0.402319540187
-0.403448704969
-0.404581099582
-0.40571672485
-0.406855581533
-0.407997670324
-0.409142991853
-0.410291546678
-0.411443335296
-0.412598358135
-0.413756615556
-0.414918107854
-0.416082835258
-0.417250797929
-0.41842199596
-0.419596429381
-0.420774098152
-0.421955002166
-0.423139141251
-0.424326515166
-0.425517123604
-0.42671096619
-0.427908042482
-0.429108351972
-0.430311894085
-0.431518668175
-0.432728673533
-0.433941909381
-0.435158374874
-0.436378069099
-0.437600991075
-0.438827139757
-0.440056514028
-0.441289112707
-0.442524934545
-0.443763978224
-0.445006242361
-0.446251725502
-0.44750042613
-0.448752342656
-0.450007473428
-0.451265816723
-0.452527370751
-0.453792133657
-0.455060103515
-0.456331278335
-0.457605656058
-0.458883234556
-0.460164011637
-0.461447985039
-0.462735152434
-0.464025511425
-0.46531905955
-0.466615794279
-0.467915713014
-0.46921881309
-0.470525091775
-0.471834546271
-0.473147173711
-0.474462971163
-0.475781935626
-0.477104064033
-0.478429353251
-0.479757800078
-0.481089401248
-0.482424153425
-0.483762053209
-0.485103097132
-0.48644728166
-0.487794603192
-0.489145058061
-0.490498642532
-0.491855352806
-0.493215185016
-0.49457813523
-0.495944199449
-0.497313373608
-0.498685653576
-0.500061035155
-0.501439514084
-0.502821086034
-0.50420574661
-0.505593491353
-0.506984315738
-0.508378215172
-0.509775185001
-0.511175220503
-0.512578316891
-0.513984469312
-0.515393672851
-0.516805922526
-0.51822121329
-0.519639540032
-0.521060897576
-0.522485280681
-0.523912684043
-0.525343102292
-0.526776529996
-0.528212961656
-0.529652391711
-0.531094814535
-0.53254022444
-0.533988615671
-0.535439982414
-0.536894318787
-0.538351618848
-0.539811876589
-0.541275085942
-0.542741240773
-0.544210334887
-0.545682362025
-0.547157315868
-0.548635190031
-0.550115978068
-0.551599673472
-0.553086269673
-0.554575760038
-0.556068137873
-0.557563396424
-0.559061528872
-0.560562528339
-0.562066387885
-0.563573100509
-0.565082659149
-0.566595056681
-0.568110285922
-0.569628339627
-0.571149210491
-0.572672891149
-0.574199374176
-0.575728652086
-0.577260717333
-0.578795562313
-0.58033317936
-0.581873560751
-0.583416698702
-0.58496258537
-0.586511212854
-0.588062573193
-0.589616658368
-0.591173460302
-0.592732970858
-0.594295181842
-0.595860085002
-0.597427672028
-0.598997934552
-0.600570864148
-0.602146452333
-0.603724690568
-0.605305570255
-0.606889082741
-0.608475219313
-0.610063971206
-0.611655329594
-0.613249285599
-0.614845830283
-0.616444954655
-0.618046649668
-0.619650906217
-0.621257715144
-0.622867067236
-0.624478953222
-0.626093363781
-0.627710289531
-0.629329721042
-0.630951648825
-0.632576063339
-0.634202954989
-0.635832314124
-0.637464131042
-0.639098395987
-0.640735099149
-0.642374230665
-0.64401578062
-0.645659739044
-0.647306095918
-0.648954841167
-0.650605964667
-0.652259456239
-0.653915305655
-0.655573502634
-0.657234036843
-0.658896897899
-0.660562075367
-0.662229558762
-0.663899337547
-0.665571401135
-0.667245738891
-0.668922340126
-0.670601194103
-0.672282290036
-0.673965617088
-0.675651164373
-0.677338920958
-0.679028875856
-0.680721018037
-0.682415336418
-0.684111819871
-0.685810457216
-0.687511237228
-0.689214148634
-0.690919180111
-0.692626320291
-0.694335557758
-0.696046881049
-0.697760278653
-0.699475739014
-0.701193250528
-0.702912801547
-0.704634380374
-0.706357975269
-0.708083574443
-0.709811166065
-0.711540738257
-0.713272279094
-0.71500577661
-0.716741218792
-0.718478593583
-0.72021788888
-0.721959092539
-0.72370219237
-0.725447176139
-0.72719403157
-0.728942746342
-0.730693308093
-0.732445704416
-0.734199922862
-0.735955950939
-0.737713776113
-0.739473385809
-0.741234767409
-0.742997908252
-0.744762795638
-0.746529416823
-0.748297759024
-0.750067809416
-0.751839555133
-0.753612983269
-0.755388080878
-0.757164834973
-0.758943232527
-0.760723260473
-0.762504905706
-0.76428815508
-0.76607299541
-0.767859413472
-0.769647396005
-0.771436929707
-0.773228001237
-0.77502059722
-0.776814704239
-0.778610308839
-0.780407397531
-0.782205956786
-0.784005973037
-0.785807432682
-0.787610322081
-0.789414627557
-0.791220335398
-0.793027431855
-0.794835903142
-0.796645735438
-0.798456914887
-0.800269427597
-0.802083259639
-0.803898397051
-0.805714825837
-0.807532531963
-0.809351501362
-0.811171719934
-0.812993173544
-0.814815848023
-0.816639729166
-0.818464802739
-0.820291054471
-0.822118470059
-0.823947035167
-0.825776735427
-0.827607556437
-0.829439483763
-0.831272502939
-0.833106599467
-0.834941758818
-0.836777966429
-0.838615207708
-0.84045346803
-0.84229273274
-0.844132987151
-0.845974216546
-0.847816406179
-0.84965954127
-0.851503607012
-0.853348588566
-0.855194471065
-0.857041239611
-0.858888879277
-0.860737375108
-0.862586712117
-0.86443687529
-0.866287849586
-0.868139619932
-0.869992171228
-0.871845488348
-0.873699556135
-0.875554359406
-0.877409882949
-0.879266111526
-0.881123029871
-0.882980622691
-0.884838874666
-0.886697770451
-0.888557294671
-0.890417431928
-0.892278166796
-0.894139483822
-0.896001367531
-0.897863802419
-0.899726772957
-0.901590263592
-0.903454258745
-0.905318742811
-0.907183700162
-0.909049115146
-0.910914972083
-0.912781255273
-0.914647948989
-0.916515037481
-0.918382504976
-0.920250335676
-0.92211851376
-0.923987023386
-0.925855848685
-0.927724973768
-0.929594382723
-0.931464059613
-0.933333988482
-0.935204153351
-0.937074538216
-0.938945127054
-0.940815903821
-0.942686852448
-0.944557956848
-0.94642920091
-0.948300568505
-0.95017204348
-0.952043609663
-0.953915250861
-0.955786950861
-0.957658693429
-0.959530462312
-0.961402241235
-0.963274013905
-0.965145764009
-0.967017475215
-0.968889131171
-0.970760715505
-0.972632211828
-0.974503603731
-0.976374874786
-0.978246008548
-0.980116988551
-0.981987798314
-0.983858421336
-0.985728841097
-0.987599041062
-0.989469004677
-0.991338715371
-0.993208156554
-0.995077311622
-0.99694616395
-0.998814696901
-1.00068289382
-1.00255073803
-1.00441821284
-1.00628530155
-1.00815198743
-1.01001825376
-1.01188408377
-1.0137494607
-1.01561436775
-1.01747878815
-1.01934270506
-1.02120610165
-1.02306896109
-1.02493126651
-1.02679300105
-1.0286541478
-1.03051468986
-1.03237461033
-1.03423389226
-1.03609251872
-1.03795047273
-1.03980773734
-1.04166429556
-1.04352013037
-1.04537522478
-1.04722956175
-1.04908312426
-1.05093589523
-1.05278785762
-1.05463899434
-1.05648928831
-1.05833872242
-1.06018727955
-1.06203494221
-1.06388169384
-1.06572751727
-1.06757239516
-1.06941631033
-1.0712592456
-1.07310118379
-1.07494210767
-1.07678200004
-1.07862084366
-1.08045862131
-1.08229531573
-1.08413090966
-1.08596538584
-1.08779872698
-1.0896309158
-1.09146193499
-1.09329176725
-1.09512039527
-1.0969478017
-1.09877396923
-1.10059888049
-1.10242251813
-1.1042448648
-1.10606590311
-1.10788561569
-1.10970398514
-1.11152099407
-1.11333662507
-1.11515086072
-1.1169636836
-1.11877507628
-1.12058502132
-1.12239350127
-1.12420049868
-1.12600599609
-1.12780997603
-1.12961242102
-1.13141331357
-1.13321263621
-1.13501037142
-1.13680650171
-1.13860100957
-1.14039387748
-1.14218508791
-1.14397462334
-1.14576246624
-1.14754859905
-1.14933300423
-1.15111566423
-1.1528965615
-1.15467567846
-1.15645299754
-1.15822850118
-1.16000217179
-1.16177399178
-1.16354394357
-1.16531200957
-1.16707817216
-1.16884241375
-1.17060471674
-1.1723650635
-1.17412343642
-1.17587981787
-1.17763419025
-1.1793865359
-1.18113683722
-1.18288507654
-1.18463123625
-1.18637529869
-1.18811724621
-1.18985706118
-1.19159472593
-1.19333022281
-1.19506353416
-1.19679464232
-1.19852352964
-1.20025017843
-1.20197457104
-1.20369668979
-1.20541651701
-1.20713403503
-1.20884922617
-1.21056207276
-1.2122725571
-1.21398066152
-1.21568636835
-1.21738965988
-1.21909051845
-1.22078892636
-1.22248486592
-1.22417831945
-1.22586926926
-1.22755769766
-1.22924358695
-1.23092691946
-1.23260767748
-1.23428584333
-1.23596139932
-1.23763432775
-1.23930461093
-1.24097223118
-1.24263717081
-1.24429941212
-1.24595893742
-1.24761572904
-1.24926976927
-1.25092104044
-1.25256952486
-1.25421520485
-1.25585806272
-1.25749808079
-1.25913524139
-1.26076952683
-1.26240091944
-1.26402940154
-1.26565495547
-1.26727756354
-1.2688972081
-1.27051387148
-1.27212753602
-1.27373818405
-1.27534579792
-1.27695035997
-1.27855185255
-1.280150258
-1.2817455587
-1.28333773698
-1.28492677522
-1.28651265578
-1.28809536102
-1.28967487331
-1.29125117504
-1.29282424858
-1.29439407631
-1.29596064062
-1.2975239239
-1.29908390856
-1.30064057698
-1.30219391158
-1.30374389477
-1.30529050895
-1.30683373656
-1.30837356001
-1.30990996174
-1.31144292417
-1.31297242977
-1.31449846096
-1.3160210002
-1.31754002995
-1.31905553267
-1.32056749084
-1.32207588693
-1.32358070343
-1.32508192281
-1.32657952759
-1.32807350025
-1.32956382331
-1.33105047929
-1.3325334507
-1.33401272008
-1.33548826996
-1.3369600829
-1.33842814143
-1.33989242813
-1.34135292555
-1.34280961627
-1.34426248289
-1.34571150797
-1.34715667414
-1.34859796398
-1.35003536013
-1.3514688452
-1.35289840183
-1.35432401266
-1.35574566034
-1.35716332753
-1.3585769969
-1.35998665113
-1.36139227291
-1.36279384493
-1.3641913499
-1.36558477053
-1.36697408957
-1.36835928973
-1.36974035377
-1.37111726445
-1.37249000454
-1.3738585568
-1.37522290404
-1.37658302904
-1.37793891463
-1.37929054362
-1.38063789884
-1.38198096314
-1.38331971938
-1.38465415042
-1.38598423914
-1.38730996843
-1.3886313212
-1.38994828035
-1.39126082882
-1.39256894954
-1.39387262546
-1.39517183955
-1.39646657479
-1.39775681416
-1.39904254067
-1.40032373733
-1.40160038717
-1.40287247324
-1.40413997858
-1.40540288627
-1.4066611794
-1.40791484105
-1.40916385433
-1.41040820238
-1.41164786834
-1.41288283534
-1.41411308658
-1.41533860521
-1.41655937445
-1.41777537751
-1.41898659761
-1.420193018
-1.42139462194
-1.42259139269
-1.42378331355
-1.42497036782
-1.42615253882
-1.42732980989
-1.42850216439
-1.42966958568
-1.43083205714
-1.43198956219
-1.43314208423
-1.43428960671
-1.43543211308
-1.4365695868
-1.43770201137
-1.43882937028
-1.43995164707
-1.44106882526
-1.44218088843
-1.44328782014
-1.44438960398
-1.44548622358
-1.44657766255
-1.44766390455
-1.44874493324
-1.44982073232
-1.45089128548
-1.45195657646
-1.45301658899
-1.45407130683
-1.45512071377
-1.45616479362
-1.45720353019
-1.45823690732
-1.45926490888
-1.46028751874
-1.46130472082
-1.46231649904
-1.46332283733
-1.46432371966
-1.46531913002
-1.46630905242
-1.46729347088
-1.46827236945
-1.46924573221
-1.47021354324
-1.47117578666
-1.47213244661
-1.47308350724
-1.47402895274
-1.47496876731
-1.47590293518
-1.47683144056
-1.47775426779
-1.47867140113
-1.47958282481
-1.48048852336
-1.48138848104
-1.48228268224
-1.48317111138
-1.4840537529
-1.48493059126
-1.48580161093
-1.48666679644
-1.4875261323
-1.4883796031
-1.4892271934
-1.49006888781
-1.49090467098
-1.49173452756
-1.49255844223
-1.4933763997
-1.49418838473
-1.49499438205
-1.49579437647
-1.49658835281
-1.49737629589
-1.4981581906
-1.49893402182
-1.49970377448
-1.50046743353
-1.50122498395
-1.50197641073
-1.50272169892
-1.50346083357
-1.50419379978
-1.50492058265
-1.50564116733
-1.50635553899
-1.50706368284
-1.50776558411
-1.50846122805
-1.50915059995
-1.50983368514
-1.51051046896
-1.51118093678
-1.51184507402
-1.5125028661
-1.51315429851
-1.51379935673
-1.51443802629
-1.51507029275
-1.5156961417
-1.51631555877
-1.51692852959
-1.51753503986
-1.5181350753
-1.51872862163
-1.51931566465
-1.51989619017
-1.52047018402
-1.52103763209
-1.52159852027
-1.52215283451
-1.52270056079
-1.5232416851
-1.5237761935
-1.52430407204
-1.52482530684
-1.52533988404
-1.52584778981
-1.52634901036
-1.52684353194
-1.52733134082
-1.52781242332
-1.52828676577
-1.52875435458
-1.52921517614
-1.52966921692
-1.5301164634
-1.53055690211
-1.5309905196
-1.53141730249
-1.53183723739
-1.53225031098
-1.53265650996
-1.53305582109
-1.53344823113
-1.53383372691
-1.53421229528
-1.53458392313
-1.5349485974
-1.53530630506
-1.53565703311
-1.53600076859
-1.5363374986
-1.53666721025
-1.53698989071
-1.53730552718
-1.53761410689
-1.53791561714
-1.53821004523
-1.53849737854
-1.53877760445
-1.53905071041
-1.53931668391
-1.53957551245
-1.53982718362
-1.540071685
-1.54030900424
-1.54053912904
-1.54076204712
-1.54097774625
-1.54118621424
-1.54138743894
-1.54158140827
-1.54176811014
-1.54194753256
-1.54211966353
-1.54228449114
-1.5424420035
-1.54259218875
-1.54273503511
-1.54287053081
-1.54299866415
-1.54311942346
-1.54323279711
-1.54333877353
-1.54343734119
-1.5435284886
-1.54361220431
-1.54368847694
-1.54375729513
-1.54381864758
-1.54387252303
-1.54391891027
-1.54395779813
-1.54398917551
-1.54401303132
-1.54402935455
-1.54403813422
-1.5440393594
-1.54403301921
-1.54401910282
-1.54399759945
-1.54396849837
-1.54393178888
-1.54388746035
-1.54383550219
-1.54377590386
-1.54370865488
-1.5436337448
-1.54355116324
-1.54346089985
-1.54336294435
-1.5432572865
-1.54314391611
-1.54302282304
-1.54289399722
-1.5427574286
-1.5426131072
-1.54246102309
-1.5423011664
-1.5421335273
-1.54195809601
-1.54177486282
-1.54158381805
-1.54138495209
-1.54117825537
-1.5409637184
-1.54074133171
-1.5405110859
-1.54027297163
-1.5400269796
-1.53977310058
-1.53951132538
-1.53924164487
-1.53896404998
-1.53867853169
-1.53838508104
-1.53808368913
-1.53777434709
-1.53745704614
-1.53713177753
-1.53679853259
-1.53645730269
-1.53610807926
-1.53575085379
-1.53538561782
-1.53501236296
-1.53463108088
-1.53424176328
-1.53384440195
-1.53343898873
-1.5330255155
-1.53260397422
-1.53217435691
-1.53173665562
-1.53129086251
-1.53083696975
-1.53037496959
-1.52990485435
-1.52942661639
-1.52894024815
-1.52844574211
-1.52794309083
-1.52743228693
-1.52691332306
-1.52638619198
-1.52585088648
-1.52530739941
-1.52475572369
-1.52419585232
-1.52362777833
-1.52305149483
-1.52246699499
-1.52187427205
-1.5212733193
-1.5206641301
-1.52004669788
-1.51942101611
-1.51878707836
-1.51814487824
-1.51749440942
-1.51683566565
-1.51616864074
-1.51549332857
-1.51480972306
-1.51411781822
-1.51341760813
-1.51270908691
-1.51199224878
-1.51126708798
-1.51053359886
-1.50979177582
-1.50904161331
-1.50828310588
-1.50751624812
-1.50674103469
-1.50595746034
-1.50516551985
-1.50436520811
-1.50355652005
-1.50273945066
-1.50191399503
-1.50108014829
-1.50023790566
-1.49938726241
-1.49852821389
-1.49766075551
-1.49678488276
-1.4959005912
-1.49500787645
-1.49410673421
-1.49319716023
-1.49227915036
-1.49135270049
-1.49041780661
-1.48947446476
-1.48852267105
-1.48756242168
-1.4865937129
-1.48561654105
-1.48463090251
-1.48363679378
-1.48263421139
-1.48162315196
-1.48060361218
-1.47957558881
-1.47853907868
-1.47749407871
-1.47644058587
-1.47537859722
-1.47430810988
-1.47322912105
-1.472141628
-1.47104562808
-1.46994111871
-1.46882809739
-1.46770656167
-1.46657650922
-1.46543793773
-1.464290845
-1.4631352289
-1.46197108738
-1.46079841844
-1.45961722017
-1.45842749075
-1.45722922842
-1.45602243148
-1.45480709835
-1.45358322748
-1.45235081743
-1.4511098668
-1.44986037431
-1.44860233873
-1.4473357589
-1.44606063376
-1.4447769623
-1.44348474363
-1.44218397688
-1.4408746613
-1.43955679621
-1.43823038099
-1.43689541511
-1.43555189813
-1.43419982967
-1.43283920943
-1.43147003719
-1.43009231281
-1.42870603624
-1.42731120749
-1.42590782666
-1.42449589393
-1.42307540954
-1.42164637384
-1.42020878723
-1.41876265021
-1.41730796336
-1.41584472732
-1.41437294283
-1.4128926107
-1.41140373182
-1.40990630716
-1.40840033779
-1.40688582482
-1.40536276948
-1.40383117306
-1.40229103694
-1.40074236257
-1.39918515149
-1.39761940532
-1.39604512576
-1.39446231459
-1.39287097368
-1.39127110496
-1.38966271047
-1.38804579232
-1.38642035269
-1.38478639386
-1.38314391818
-1.38149292809
-1.37983342611
-1.37816541484
-1.37648889697
-1.37480387525
-1.37311035255
-1.3714083318
-1.36969781601
-1.36797880827
-1.36625131178
-1.3645153298
-1.36277086568
-1.36101792285
-1.35925650482
-1.3574866152
-1.35570825767
-1.35392143599
-1.35212615403
-1.35032241571
-1.34851022505
-1.34668958616
-1.34486050322
-1.34302298052
-1.34117702239
-1.3393226333
-1.33745981776
-1.33558858038
-1.33370892586
-1.33182085898
-1.32992438461
-1.3280195077
-1.32610623328
-1.32418456647
-1.32225451248
-1.32031607661
-1.31836926422
-1.31641408078
-1.31445053185
-1.31247862305
-1.3104983601
-1.3085097488
-1.30651279506
-1.30450750484
-1.30249388422
-1.30047193933
-1.29844167641
-1.29640310178
-1.29435622186
-1.29230104313
-1.29023757218
-1.28816581567
-1.28608578035
-1.28399747307
-1.28190090074
-1.27979607039
-1.2776829891
-1.27556166408
-1.27343210257
-1.27129431196
-1.26914829968
-1.26699407327
-1.26483164034
-1.26266100861
-1.26048218586
-1.25829517997
-1.25609999893
-1.25389665077
-1.25168514364
-1.24946548578
-1.24723768549
-1.24500175118
-1.24275769135
-1.24050551456
-1.23824522949
-1.23597684489
-1.23370036959
-1.23141581253
-1.22912318273
-1.22682248928
-1.22451374137
-1.22219694828
-1.21987211937
-1.21753926411
-1.21519839202
-1.21284951274
-1.21049263598
-1.20812777155
-1.20575492932
-1.20337411929
-1.20098535152
-1.19858863615
-1.19618398343
-1.1937714037
-1.19135090735
-1.1889225049
-1.18648620694
-1.18404202414
-1.18158996728
-1.1791300472
-1.17666227484
-1.17418666124
-1.17170321752
-1.16921195486
-1.16671288457
-1.16420601803
-1.16169136669
-1.15916894212
-1.15663875595
-1.15410081992
-1.15155514583
-1.1490017456
-1.1464406312
-1.14387181473
-1.14129530834
-1.13871112429
-1.13611927491
-1.13351977263
-1.13091262997
-1.12829785953
-1.12567547399
-1.12304548613
-1.12040790881
-1.11776275498
-1.11511003768
-1.11244977002
-1.10978196521
-1.10710663656
-1.10442379744
-1.10173346133
-1.09903564177
-1.09633035242
-1.09361760699
-1.09089741931
-1.08816980327
-1.08543477286
-1.08269234216
-1.07994252533
-1.0771853366
-1.07442079032
-1.0716489009
-1.06886968284
-1.06608315073
-1.06328931925
-1.06048820316
-1.0576798173
-1.0548641766
-1.05204129608
-1.04921119085
-1.04637387608
-1.04352936705
-1.04067767912
-1.03781882773
-1.0349528284
-1.03207969674
-1.02919944846
-1.02631209933
-1.02341766521
-1.02051616206
-1.0176076059
-1.01469201286
-1.01176939913
-1.008839781
-1.00590317483
-1.00295959709
-1.00000906429
-0.997051593074
-0.994087200127
-0.991115902238
-0.988137716275
-0.98515265919
-0.982160748015
-0.979161999866
-0.976156431941
-0.973144061522
-0.970124905971
-0.967098982733
-0.964066309335
-0.961026903384
-0.957980782572
-0.954927964671
-0.951868467532
-0.94880230909
-0.94572950736
-0.942650080438
-0.939564046501
-0.936471423806
-0.933372230691
-0.930266485573
-0.927154206952
-0.924035413403
-0.920910123586
-0.917778356238
-0.914640130175
-0.911495464293
-0.908344377567
-0.905186889052
-0.902023017879
-0.898852783261
-0.895676204486
-0.892493300923
-0.889304092018
-0.886108597294
-0.882906836352
-0.879698828872
-0.87648459461
-0.873264153399
-0.870037525149
-0.866804729846
-0.863565787555
-0.860320718415
-0.857069542641
-0.853812280526
-0.850548952437
-0.847279578816
-0.844004180183
-0.84072277713
-0.837435390326
-0.834142040514
-0.830842748511
-0.827537535209
-0.824226421574
-0.820909428645
-0.817586577536
-0.814257889433
-0.810923385597
-0.807583087359
-0.804237016126
-0.800885193376
-0.797527640658
-0.794164379596
-0.790795431883
-0.787420819286
-0.784040563641
-0.780654686858
-0.777263210914
-0.773866157861
-0.770463549818
-0.767055408975
-0.763641757595
-0.760222618005
-0.756798012607
-0.753367963869
-0.749932494329
-0.746491626593
-0.743045383337
-0.739593787303
-0.736136861304
-0.732674628216
-0.729207110989
-0.725734332633
-0.722256316231
-0.71877308493
-0.715284661943
-0.711791070549
-0.708292334095
-0.704788475992
-0.701279519716
-0.69776548881
-0.694246406879
-0.690722297596
-0.687193184695
-0.683659091976
-0.680120043302
-0.6765760626
-0.673027173859
-0.669473401132
-0.665914768536
-0.662351300246
-0.658783020504
-0.65520995361
-0.651632123927
-0.648049555881
-0.644462273956
-0.640870302698
-0.637273666713
-0.633672390667
-0.630066499287
-0.626456017357
-0.622840969723
-0.619221381288
-0.615597277014
-0.611968681922
-0.608335621089
-0.604698119653
-0.601056202807
-0.597409895801
-0.593759223942
-0.590104212595
-0.58644488718
-0.582781273172
-0.579113396103
-0.575441281561
-0.571764955185
-0.568084442674
-0.564399769778
-0.560710962301
-0.557018046102
-0.553321047093
-0.549619991238
-0.545914904556
-0.542205813116
-0.538492743041
-0.534775720504
-0.531054771731
-0.527329923
-0.523601200636
-0.519868631019
-0.516132240576
-0.512392055785
-0.508648103175
-0.504900409322
-0.501149000851
-0.497393904437
-0.493635146803
-0.489872754718
-0.486106755001
-0.482337174516
-0.478564040176
-0.474787378939
-0.47100721781
-0.46722358384
-0.463436504125
-0.459646005806
-0.455852116069
-0.452054862146
-0.448254271311
-0.444450370884
-0.440643188225
-0.436832750742
-0.433019085882
-0.429202221136
-0.425382184036
-0.421559002158
-0.417732703117
-0.413903314571
-0.410070864217
-0.406235379794
-0.40239688908
-0.398555419892
-0.394711000089
-0.390863657565
-0.387013420257
-0.383160316137
-0.379304373217
-0.375445619544
-0.371584083205
-0.367719792323
-0.363852775056
-0.359983059599
-0.356110674185
-0.352235647079
-0.348358006582
-0.344477781031
-0.340594998797
-0.336709688283
-0.332821877927
-0.328931596202
-0.32503887161
-0.321143732688
-0.317246208005
-0.313346326162
-0.309444115789
-0.305539605551
-0.301632824139
-0.297723800278
-0.293812562721
-0.289899140251
-0.285983561681
-0.282065855851
-0.27814605163
-0.274224177917
-0.270300263635
-0.266374337738
-0.262446429218
-0.258516567053
-0.254584780289
-0.250651097983
-0.246715549219
-0.242778163104
-0.238838968771
-0.234897995377
-0.230955272102
-0.227010828151
-0.223064692751
-0.219116895152
-0.215167464626
-0.211216430467
-0.207263821991
-0.203309668536
-0.199353999459
-0.195396844137
-0.19143823197
-0.187478192375
-0.18351675479
-0.179553948669
-0.175589803488
-0.171624348739
-0.167657613932
-0.163689628595
-0.159720422272
-0.155750024523
-0.151778464927
-0.147805773075
-0.143831978576
-0.139857111059
-0.135881200157
-0.131904275512
-0.127926366797
-0.123947503692
-0.119967715889
-0.115987033092
-0.112005485017
-0.108023101393
-0.10403991196
-0.100055946469
-0.0960712346806
-0.0920858063675
-0.0880996913107
-0.0841129193012
-0.0801255201388
-0.0761375236321
-0.0721489595977
-0.0681598578603
-0.0641702482518
-0.0601801606112
-0.0561896247841
-0.0521986706223
-0.0482073279835
-0.0442156267306
-0.0402235967319
-0.0362312678599
-0.0322386699916
-0.0282458330077
-0.0242527867923
-0.0202595612325
-0.0162661862181
-0.0122726916411
-0.00827910739514
-0.00428546337542
-0.000291789478083
