0.0
0.00400072842893
0.00800140037792
0.0120017164548
0.0160019086226
0.0200022484726
0.0240024247711
0.0280023723047
0.0320020533049
0.0360014299837
0.0400004635347
0.0439991156377
0.0479973485305
0.0519951253389
0.0559924083257
0.0599891593577
0.0639853406533
0.0679809150803
0.0719758464527
0.0759700972803
0.0799636270531
0.0839563968147
0.0879483681421
0.0919395034369
0.0959297662214
0.0999191207886
0.103907529734
0.107894955351
0.111881359641
0.11586670421
0.119850950187
0.123834058153
0.127815988069
0.131796700075
0.135776163327
0.139754342581
0.143731200061
0.14770669755
0.151680796316
0.15565345704
0.159624639742
0.163594303715
0.167562415373
0.171528944047
0.17549385236
0.179457102495
0.183418656132
0.187378474376
0.191336517685
0.195292745811
0.199247120733
0.203199614527
0.20715019119
0.211098813272
0.215045442825
0.218990041326
0.222932569614
0.226872987819
0.230811255762
0.234747344425
0.238681221501
0.242612850193
0.246542193259
0.250469212942
0.254393870896
0.258316128124
0.262235944906
0.2661532868
0.270068125746
0.273980425598
0.277890149665
0.28179726077
0.285701721187
0.289603492571
0.293502535897
0.297398813242
0.301292297788
0.30518295568
0.309070750842
0.312955646747
0.316837606348
0.320716592014
0.32459256546
0.328465487756
0.332335326948
0.33620205173
0.340065626989
0.343926017693
0.3477831889
0.351637105752
0.355487733474
0.359335037374
0.363178982838
0.367019535328
0.370856660371
0.374690323559
0.378520490533
0.382347126971
0.386170198261
0.389989669991
0.393805507971
0.397617678056
0.401426146137
0.405230878139
0.409031840007
0.412828997696
0.416622317163
0.420411764351
0.424197305175
0.427978905511
0.431756531172
0.43553014803
0.439299724597
0.443065228685
0.446826627365
0.450583887809
0.454336977293
0.458085863185
0.46183051294
0.465570894094
0.469306974249
0.473038721068
0.476766102255
0.480489085548
0.484207638698
0.487921729461
0.491631325755
0.495336395748
0.499036907697
0.502732829938
0.506424130877
0.510110778986
0.513792742789
0.517469990854
0.52114249178
0.524810214188
0.528473126702
0.532131197936
0.535784396477
0.539432691111
0.543076052642
0.546714451003
0.550347855853
0.55397623695
0.557599564142
0.561217807361
0.564830936608
0.568438921952
0.57204173351
0.575639341439
0.579231715918
0.582818827138
0.586400645279
0.589977140725
0.593548285216
0.59711404993
0.600674405979
0.604229324572
0.607778777016
0.611322734703
0.614861169106
0.618394051768
0.621921354289
0.625443048318
0.628959105538
0.632469497651
0.635974196364
0.639473173705
0.642966403101
0.646453857262
0.649935508872
0.653411330725
0.65688129572
0.660345376846
0.663803547182
0.667255779883
0.67070204817
0.67414232532
0.677576584652
0.681004799513
0.684426943265
0.687842989662
0.691252913684
0.694656689634
0.698054291849
0.701445694785
0.704830873003
0.708209801168
0.711582454038
0.714948806456
0.71830883334
0.721662509673
0.72500981049
0.728350710864
0.731685185895
0.735013211159
0.73833476327
0.741649818214
0.744958352052
0.748260340965
0.751555761246
0.754844589291
0.758126801594
0.761402374737
0.764671285381
0.767933510257
0.77118902615
0.774437809894
0.777679838351
0.78091508908
0.784143540638
0.787365170786
0.790579957359
0.793787878113
0.796988910939
0.80018303387
0.803370225147
0.806550463341
0.809723727101
0.812889995255
0.816049246811
0.819201460892
0.822346616475
0.82548469278
0.828615669163
0.831739525086
0.834856240125
0.837965794144
0.841068167109
0.844163339071
0.847251290216
0.850332000854
0.853405451443
0.856471622593
0.859530495043
0.862582049667
0.865626267483
0.868663129634
0.871692617388
0.87471471216
0.877729395502
0.880736649099
0.883736454773
0.886728794489
0.889713650348
0.892691004586
0.895660839577
0.898623137835
0.901577882009
0.904525054888
0.907464639396
0.910396618598
0.913320975696
0.91623769403
0.91914675708
0.922048148462
0.924941851934
0.927827851387
0.930706130857
0.933576674517
0.936439466679
0.939294491793
0.94214173445
0.944981179376
0.947812811441
0.950636615651
0.953452577153
0.956260681234
0.959060913319
0.961853258972
0.964637703899
0.967414233943
0.97018283509
0.972943493462
0.975696195323
0.978440927073
0.981177675253
0.983906426546
0.986627167775
0.989339885901
0.992044568023
0.994741201382
0.997429773359
1.00011027147
1.00278268338
1.00544699689
1.00810319993
1.01075128058
1.01339122705
1.01602302771
1.01864667105
1.0212621457
1.02386944045
1.0264685442
1.029059446
1.03164213506
1.03421660069
1.03678283237
1.03934081971
1.04189055246
1.0444320205
1.04696521386
1.04949012269
1.05200673731
1.05451504815
1.05701504579
1.05950672095
1.06199006448
1.06446506738
1.06693172077
1.06939001592
1.07183994423
1.07428149726
1.07671466668
1.07913944431
1.08155582209
1.08396379213
1.08636334665
1.08875447801
1.09113717871
1.0935114414
1.09587725884
1.09823462394
1.10058352975
1.10292396944
1.10525593634
1.10757942388
1.10989442567
1.11220093541
1.11449894696
1.11678845432
1.1190694516
1.12134193306
1.1236058931
1.12586132623
1.12810822713
1.13034659057
1.13257641149
1.13479768493
1.1370104061
1.13921457031
1.14141017301
1.1435972098
1.14577567639
1.14794556863
1.15010688249
1.1522596141
1.15440375969
1.15653931562
1.15866627842
1.1607846447
1.16289441122
1.16499557489
1.16708813271
1.16917208183
1.17124741954
1.17331414323
1.17537225045
1.17742173884
1.1794626062
1.18149485045
1.18351846961
1.18553346187
1.18753982551
1.18953755896
1.19152666076
1.19350712958
1.19547896421
1.19744216358
1.19939672674
1.20134265284
1.20327994118
1.20520859118
1.20712860237
1.20903997442
1.2109427071
1.21283680033
1.21472225412
1.21659906863
1.21846724413
1.220326781
1.22217767975
1.22401994102
1.22585356555
1.22767855421
1.22949490799
1.23130262799
1.23310171544
1.23489217167
1.23667399815
1.23844719645
1.24021176826
1.24196771538
1.24371503976
1.24545374341
1.2471838285
1.24890529729
1.25061815218
1.25232239564
1.25401803031
1.25570505889
1.25738348422
1.25905330926
1.26071453706
1.2623671708
1.26401121375
1.26564666931
1.26727354098
1.26889183238
1.27050154723
1.27210268935
1.2736952627
1.27527927131
1.27685471935
1.27842161107
1.27997995085
1.28152974316
1.28307099259
1.28460370381
1.28612788163
1.28764353094
1.28915065674
1.29064926414
1.29213935834
1.29362094466
1.29509402851
1.29655861541
1.29801471097
1.29946232091
1.30090145105
1.30233210731
1.30375429571
1.30516802236
1.30657329348
1.30797011538
1.30935849449
1.3107384373
1.31210995042
1.31347304056
1.31482771452
1.31617397919
1.31751184156
1.31884130871
1.32016238782
1.32147508616
1.3227794111
1.3240753701
1.3253629707
1.32664222054
1.32791312736
1.32917569897
1.3304299433
1.33167586834
1.33291348218
1.334142793
1.33536380908
1.33657653877
1.33778099051
1.33897717282
1.34016509434
1.34134476375
1.34251618985
1.3436793815
1.34483434766
1.34598109738
1.34711963977
1.34824998403
1.34937213947
1.35048611543
1.35159192139
1.35268956685
1.35377906145
1.35486041485
1.35593363685
1.35699873728
1.35805572606
1.35910461321
1.36014540881
1.361178123
1.36220276603
1.3632193482
1.3642278799
1.36522837158
1.36622083378
1.36720527709
1.36818171221
1.36915014988
1.37011060092
1.37106307623
1.37200758677
1.37294414357
1.37387275774
1.37479344046
1.37570620297
1.37661105657
1.37750801264
1.37839708264
1.37927827807
1.3801516105
1.3810170916
1.38187473305
1.38272454664
1.38356654421
1.38440073764
1.38522713891
1.38604576005
1.38685661313
1.38765971031
1.3884550638
1.38924268587
1.39002258884
1.3907947851
1.39155928712
1.39231610737
1.39306525844
1.39380675294
1.39454060355
1.395266823
1.39598542407
1.39669641962
1.39739982254
1.39809564578
1.39878390234
1.39946460528
1.40013776771
1.4008034028
1.40146152376
1.40211214384
1.40275527636
1.4033909347
1.40401913225
1.40463988248
1.40525319889
1.40585909505
1.40645758456
1.40704868106
1.40763239826
1.40820874989
1.40877774975
1.40933941165
1.40989374948
1.41044077714
1.41098050862
1.41151295789
1.41203813902
1.41255606607
1.41306675319
1.41357021454
1.41406646431
1.41455551677
1.41503738618
1.41551208688
1.41597963321
1.41644003959
1.41689332043
1.41733949021
1.41777856343
1.41821055464
1.41863547839
1.41905334931
1.41946418203
1.41986799122
1.42026479159
1.42065459788
1.42103742486
1.42141328732
1.4217822001
1.42214417806
1.42249923608
1.42284738909
1.42318865202
1.42352303985
1.4238505676
1.42417125027
1.42448510293
1.42479214065
1.42509237854
1.42538583173
1.42567251538
1.42595244465
1.42622563476
1.42649210092
1.42675185839
1.42700492242
1.4272513083
1.42749103136
1.4277241069
1.42795055029
1.4281703769
1.4283836021
1.42859024131
1.42879030995
1.42898382346
1.42917079729
1.42935124692
1.42952518785
1.42969263556
1.42985360559
1.43000811347
1.43015617475
1.43029780498
1.43043301974
1.43056183462
1.43068426521
1.43080032713
1.430910036
1.43101340744
1.43111045711
1.43120120065
1.43128565372
1.43136383199
1.43143575114
1.43150142686
1.43156087484
1.43161411077
1.43166115036
1.43170200933
1.43173670339
1.43176524826
1.43178765967
1.43180395335
1.43181414503
1.43181825046
1.43181628537
1.4318082655
1.4317942066
1.43177412442
1.4317480347
1.43171595319
1.43167789563
1.43163387778
1.43158391537
1.43152802416
1.43146621989
1.43139851829
1.43132493512
1.43124548609
1.43116018695
1.43106905343
1.43097210124
1.4308693461
1.43076080374
1.43064648985
1.43052642015
1.43040061033
1.43026907608
1.43013183307
1.42998889699
1.42984028351
1.42968600828
1.42952608694
1.42936053515
1.42918936853
1.4290126027
1.42883025328
1.42864233586
1.42844886602
1.42824985936
1.42804533142
1.42783529777
1.42761977394
1.42739877546
1.42717231784
1.42694041659
1.42670308717
1.42646034507
1.42621220573
1.4259586846
1.4256997971
1.42543555863
1.42516598459
1.42489109035
1.42461089126
1.42432540266
1.42403463987
1.42373861819
1.42343735291
1.42313085928
1.42281915256
1.42250224795
1.42218016068
1.42185290592
1.42152049883
1.42118295455
1.42084028821
1.42049251489
1.42013964967
1.41978170761
1.41941870373
1.41905065304
1.41867757051
1.41829947112
1.41791636978
1.41752828141
1.41713522089
1.41673720308
1.41633424281
1.41592635488
1.41551355409
1.41509585517
1.41467327285
1.41424582184
1.41381351681
1.41337637239
1.41293440321
1.41248762384
1.41203604885
1.41157969276
1.41111857008
1.41065269527
1.41018208277
1.40970674699
1.4092267023
1.40874196306
1.40825254358
1.40775845815
1.407259721
1.40675634638
1.40624834846
1.40573574139
1.40521853931
1.40469675629
1.4041704064
1.40363950366
1.40310406205
1.40256409553
1.40201961801
1.40147064338
1.40091718549
1.40035925815
1.39979687514
1.39923005019
1.39865879703
1.3980831293
1.39750306066
1.39691860468
1.39632977494
1.39573658494
1.39513904819
1.3945371781
1.39393098811
1.39332049158
1.39270570183
1.39208663216
1.39146329582
1.39083570602
1.39020387594
1.38956781871
1.38892754742
1.38828307514
1.38763441486
1.38698157957
1.3863245822
1.38566343562
1.38499815272
1.38432874627
1.38365522905
1.38297761379
1.38229591317
1.38161013982
1.38092030635
1.38022642531
1.37952850921
1.37882657052
1.37812062167
1.37741067504
1.37669674297
1.37597883775
1.37525697163
1.37453115682
1.37380140549
1.37306772975
1.37233014167
1.37158865328
1.37084327657
1.37009402346
1.36934090587
1.36858393563
1.36782312454
1.36705848437
1.36629002681
1.36551776352
1.36474170615
1.36396186624
1.36317825533
1.36239088489
1.36159976635
1.36080491108
1.36000633045
1.35920403572
1.35839803814
1.3575883489
1.35677497914
1.35595793999
1.35513724246
1.35431289758
1.35348491628
1.35265330949
1.35181808803
1.35097926274
1.35013684438
1.34929084366
1.34844127122
1.34758813769
1.34673145362
1.34587122952
1.34500747589
1.34414020311
1.34326942158
1.34239514157
1.34151737338
1.3406361272
1.33975141323
1.33886324156
1.33797162227
1.33707656536
1.33617808078
1.33527617852
1.33437086837
1.33346216018
1.3325500637
1.33163458864
1.33071574465
1.32979354138
1.32886798836
1.32793909512
1.3270068711
1.32607132572
1.32513246832
1.32419030818
1.32324485465
1.32229611684
1.32134410395
1.32038882505
1.3194302892
1.31846850539
1.31750348258
1.31653522965
1.31556375546
1.31458906877
1.31361117832
1.31263009284
1.31164582093
1.31065837119
1.30966775213
1.30867397226
1.30767703993
1.30667696364
1.30567375162
1.30466741219
1.30365795355
1.30264538387
1.30162971127
1.3006109438
1.29958908949
1.29856415631
1.29753615214
1.29650508482
1.29547096222
1.29443379205
1.29339358203
1.29235033977
1.29130407293
1.29025478897
1.28920249547
1.28814719982
1.28708890943
1.28602763163
1.28496337371
1.2838961429
1.28282594633
1.28175279125
1.28067668465
1.27959763359
1.27851564502
1.2774307259
1.27634288302
1.27525212332
1.27415845348
1.27306188028
1.27196241034
1.27086005029
1.2697548067
1.26864668606
1.26753569487
1.26642183951
1.26530512637
1.26418556165
1.26306315177
1.26193790284
1.26080982103
1.25967891245
1.25854518317
1.25740863915
1.25626928636
1.25512713073
1.25398217809
1.25283443426
1.25168390497
1.25053059594
1.24937451273
1.24821566111
1.24705404651
1.24588967448
1.24472255044
1.24355267983
1.24238006797
1.24120472017
1.24002664169
1.23884583776
1.2376623135
1.23647607398
1.23528712435
1.23409546955
1.23290111459
1.23170406434
1.23050432372
1.22930189743
1.22809679038
1.22688900719
1.22567855258
1.22446543115
1.2232496475
1.22203120614
1.2208101115
1.21958636812
1.21835998032
1.21713095246
1.21589928881
1.21466499367
1.21342807117
1.2121885255
1.21094636075
1.20970158102
1.20845419026
1.20720419248
1.20595159161
1.20469639149
1.203438596
1.20217820889
1.20091523395
1.19964967477
1.19838153513
1.19711081856
1.19583752866
1.19456166891
1.19328324285
1.19200225383
1.19071870529
1.18943260057
1.18814394296
1.18685273573
1.18555898209
1.18426268522
1.18296384817
1.18166247417
1.18035856616
1.17905212719
1.17774316019
1.17643166813
1.17511765384
1.17380112016
1.1724820699
1.17116050583
1.16983643065
1.16850984699
1.16718075756
1.16584916491
1.16451507162
1.16317848018
1.16183939312
1.16049781277
1.15915374164
1.15780718202
1.15645813627
1.15510660665
1.15375259543
1.1523961048
1.1510371369
1.14967569392
1.14831177793
1.146945391
1.14557653512
1.14420521234
1.14283142451
1.14145517365
1.14007646158
1.13869529016
1.1373116612
1.13592557649
1.13453703776
1.13314604667
1.13175260495
1.13035671423
1.12895837611
1.12755759211
1.12615436384
1.12474869277
1.12334058039
1.12193002813
1.12051703742
1.1191016096
1.11768374604
1.11626344806
1.11484071693
1.11341555392
1.11198796025
1.11055793714
1.10912548566
1.10769060706
1.1062533024
1.10481357276
1.10337141917
1.10192684271
1.10047984429
1.09903042494
1.09757858557
1.09612432712
1.09466765046
1.09320855644
1.09174704593
1.09028311968
1.08881677851
1.08734802317
1.08587685443
1.0844032729
1.08292727936
1.08144887443
1.07996805875
1.07848483295
1.07699919762
1.07551115331
1.07402070056
1.07252783993
1.0710325719
1.06953489697
1.06803481558
1.06653232821
1.0650274352
1.06352013704
1.06201043408
1.06049832667
1.05898381517
1.05746689992
1.05594758121
1.05442585929
1.05290173451
1.05137520709
1.04984627727
1.04831494527
1.04678121133
1.04524507556
1.04370653824
1.04216559947
1.04062225942
1.03907651821
1.03752837599
1.03597783284
1.03442488885
1.03286954412
1.03131179871
1.0297516527
1.02818910607
1.02662415893
1.02505681128
1.02348706313
1.02191491448
1.02034036535
1.01876341568
1.0171840655
1.01560231474
1.01401816339
1.01243161139
1.01084265869
1.00925130524
1.00765755092
1.00606139574
1.00446283957
1.00286188236
1.00125852399
0.9996527644
0.998044603477
0.996434041118
0.994821077222
0.993205711713
0.991587944454
0.989967775332
0.988345204263
0.986720231116
0.985092855805
0.983463078196
0.981830898213
0.980196315673
0.978559330546
0.976919942687
0.975278152003
0.973633958381
0.971987361746
0.970338361977
0.968686958972
0.967033152678
0.965376942989
0.963718329846
0.962057313154
0.960393892879
0.958728068892
0.957059841228
0.955389209788
0.953716174553
0.952040735485
0.950362892578
0.948682645815
0.946999995171
0.945314940677
0.943627482354
0.941937620237
0.940245354322
0.938550684714
0.936853611454
0.935154134639
0.933452254336
0.931747970689
0.930041283761
0.928332193732
0.926620700737
0.924906804941
0.923190506531
0.921471805705
0.919750702686
0.918027197658
0.91630129094
0.914572982765
0.912842273436
0.911109163242
0.909373652543
0.907635741638
0.905895430942
0.904152720825
0.902407611709
0.900660104026
0.898910198233
0.897157894823
0.895403194269
0.893646097132
0.891886603952
0.890124715332
0.888360431821
0.88659375411
0.884824682831
0.883053218679
0.881279362357
0.879503114632
0.877724476246
0.875943448004
0.874160030751
0.872374225336
0.870586032665
0.868795453644
0.867002489251
0.865207140417
0.863409408234
0.861609293712
0.859806797954
0.858001922071
0.856194667237
0.854385034621
0.852573025452
0.850758641016
0.848941882602
0.847122751553
0.845301249235
0.843477377082
0.841651136522
0.839822529071
0.837991556245
0.836158219647
0.834322520842
0.832484461534
0.830644043401
0.828801268188
0.826956137682
0.825108653715
0.82325881816
0.821406632902
0.819552099951
0.817695221288
0.815835998984
0.81397443512
0.812110531873
0.810244291395
0.808375715977
0.806504807889
0.804631569482
0.802756003148
0.800878111332
0.79899789653
0.797115361256
0.795230508167
0.793343339877
0.791453859102
0.789562068588
0.787667971166
0.785771569686
0.783872867074
0.781971866302
0.780068570426
0.778162982507
0.776255105705
0.774344943232
0.772432498345
0.770517774376
0.768600774699
0.766681502772
0.764759962051
0.762836156161
0.760910088694
0.758981763349
0.757051183865
0.755118354076
0.753183277831
0.751245959085
0.74930640185
0.747364610193
0.745420588254
0.743474340229
0.7415258704
0.739575183062
0.73762228269
0.735667173709
0.733709860679
0.731750348203
0.729788640977
0.727824743741
0.725858661316
0.723890398601
0.721919960573
0.719947352262
0.717972578762
0.715995645292
0.714016557093
0.712035319513
0.710051937944
0.708066417898
0.70607876489
0.704088984611
0.702097082745
0.700103065097
0.698106937534
0.696108706013
0.694108376557
0.692105955254
0.690101448336
0.688094862048
0.686086202749
0.684075476861
0.682062690917
0.680047851478
0.678030965276
0.676012039039
0.673991079636
0.671968093991
0.669943089128
0.667916072151
0.66588705024
0.663856030687
0.66182302085
0.659788028195
0.657751060217
0.655712124603
0.65367122904
0.651628381347
0.64958358941
0.64753686124
0.645488204884
0.643437628535
0.641385140453
0.639330748993
0.637274462606
0.635216289828
0.633156239305
0.631094319727
0.629030539982
0.626964908947
0.624897435654
0.622828129203
0.620756998819
0.618684053795
0.61660930353
0.614532757528
0.6124544254
0.610374316831
0.608292441608
0.60620880965
0.60412343094
0.602036315588
0.599947473776
0.597856915828
0.5957646521
0.593670693147
0.591575049546
0.589477732017
0.587378751368
0.585278118525
0.5831758445
0.581071940406
0.578966417504
0.576859287113
0.574750560684
0.572640249754
0.570528365996
0.568414921135
0.566299927093
0.564183395812
0.562065339394
0.559945770027
0.55782470002
0.555702141787
0.553578107836
0.551452610815
0.549325663464
0.547197278645
0.54506746929
0.542936248516
0.540803629491
0.538669625526
0.536534250021
0.534397516523
0.532259438642
0.530120030154
0.527979304918
0.525837276916
0.523693960245
0.521549369113
0.519403517852
0.51725642087
0.515108092772
0.512958548201
0.510807801955
0.50865586893
0.506502764164
0.504348502783
0.502193100043
0.500036571317
0.497878932112
0.495720198023
0.493560384777
0.491399508232
0.489237584345
0.487074629215
0.484910659032
0.48274569014
0.480579738948
0.478412822059
0.476244956137
0.474076157996
0.471906444555
0.469735832874
0.467564340109
0.465391983545
0.463218780611
0.46104474883
0.458869905862
0.456694269478
0.454517857588
0.452340688186
0.450162779456
0.447984149639
0.445804817136
0.443624800455
0.441444118239
0.439262789244
0.437080832346
0.434898266559
0.432715111016
0.430531384972
0.428347107786
0.426162298983
0.423976978179
0.421791165131
0.419604879703
0.41741814191
0.415230971851
0.413043389796
0.410855416107
0.408667071282
0.406478375946
0.404289350844
0.402100016848
0.399910394935
0.397720506254
0.395530372033
0.39334001365
0.391149452589
0.388958710482
0.386767809054
0.384576770193
0.382385615881
0.380194368242
0.378003049516
0.375811682069
0.373620288397
0.371428891104
0.369237512943
0.36704617677
0.364854905586
0.362663722478
0.36047265071
0.35828171363
0.356090934726
0.353900337602
0.351709945999
0.349519783762
0.347329874869
0.34514024343
0.342950913664
0.340761909923
0.338573256671
0.33638497851
0.334197100133
0.332009646405
0.329822642267
0.327636112807
0.325450083222
0.323264578842
0.321079625102
0.318895247568
0.316711471935
0.314528324002
0.312345829697
0.310164015061
0.307982906267
0.305802529589
0.303622911439
0.30144407833
0.299266056914
0.297088873929
0.294912556269
0.292737130918
0.290562624986
0.288389065701
0.286216480405
0.284044896557
0.281874341719
0.279704843595
0.277536429981
0.275369128797
0.273202968069
0.271037975951
0.268874180683
0.266711610654
0.264550294335
0.262390260325
0.260231537326
0.258074154156
0.255918139738
0.253763523099
0.251610333403
0.249458599889
0.247308351924
0.245159618972
0.243012430615
0.24086681653
0.238722806507
0.236580430438
0.234439718328
0.232300700271
0.230163406476
0.228027867255
0.225894113018
0.223762174279
0.221632081651
0.219503865854
0.217377557688
0.215253188086
0.213130788049
0.211010388691
0.208892021216
0.206775716933
0.204661507233
0.202549423615
0.200439497669
0.198331761075
0.196226245609
0.194122983134
0.192022005613
0.189923345087
0.1878270337
0.185733103672
0.183641587327
0.181552517052
0.179465925348
0.177381844782
0.175300308014
0.173221347784
0.17114499692
0.169071288326
0.167000254985
0.164931929972
0.162866346431
0.160803537589
0.158743536746
0.156686377287
0.154632092655
0.152580716393
0.150532282096
0.148486823442
0.146444374177
0.144404968121
0.142368639158
0.140335421242
0.138305348403
0.136278454727
0.134254774369
0.132234341548
0.130217190549
0.128203355713
0.126192871448
0.124185772218
0.122182092553
0.120181867027
0.118185130283
0.116191917015
0.114202261972
0.112216199954
0.110233765815
0.108254994461
0.106279920837
0.104308579955
0.102341006857
0.100377236641
0.0984173044436
0.0964612454494
0.0945090948785
0.0925608879988
0.0906166601144
0.0886764465676
0.0867402827381
0.0848082040399
0.0828802459236
0.0809564438659
0.0790368333882
0.0771214500287
0.0752103293616
0.0733035069853
0.0714010185273
0.0695028996364
0.0676091859857
0.0657199132709
0.0638351172086
0.0619548335319
0.0600790979918
0.0582079463581
0.0563414144119
0.0544795379496
0.0526223527767
0.0507698947119
0.0489221995771
0.0470793032086
0.045241241442
0.0434080501197
0.0415797650856
0.0397564221851
0.0379380572616
0.0361247061562
0.0343164047085
0.0325131887499
0.0307150941056
0.0289221565917
0.0271344120147
0.025351896167
0.023574644831
0.0218026937701
0.0200360787326
0.0182748354476
0.0165189996239
0.0147686069482
0.0130236930831
0.0112842936663
0.0095504443081
0.0078221805897
0.00609953806129
0.00438255224156
0.0026712586142
0.000965692627255
-0.000734110309061
-0.00242811482405
-0.0041162855882
-0.00579858731532
-0.00747498476402
-0.0091454427397
-0.0108099260964
-0.0124683997384
-0.0141208286226
-0.0157671777589
-0.0174074122153
-0.0190414971155
-0.0206693976442
-0.022291079047
-0.0239065066338
-0.025515645779
-0.0271184619245
-0.0287149205817
-0.0303049873339
-0.0318886278357
-0.0334658078175
-0.0350364930876
-0.0366006495319
-0.0381582431185
-0.0397092398967
-0.0412536060029
-0.0427913076559
-0.0443223111697
-0.0458465829439
-0.0473640894733
-0.0488747973465
-0.0503786732502
-0.0518756839679
-0.0533657963847
-0.0548489774909
-0.0563251943787
-0.0577944142493
-0.0592566044109
-0.0607117322859
-0.0621597654038
-0.0636006714193
-0.0650344180948
-0.0664609733176
-0.0678803050939
-0.0692923815557
-0.0706971709588
-0.072094641686
-0.0734847622529
-0.0748675013057
-0.076242827625
-0.0776107101235
-0.0789711178606
-0.0803240200293
-0.081669385969
-0.0830071851603
-0.084337387236
-0.0856599619698
-0.0869748792961
-0.0882821092961
-0.089581622209
-0.0908733884316
-0.09215737852
-0.0934335631932
-0.094701913329
-0.0959623999834
-0.0972149943695
-0.0984596678773
-0.0996963920657
-0.100925138674
-0.10214587961
-0.103358586973
-0.104563233033
-0.105759790251
-0.10694823127
-0.108128528923
-0.109300656234
-0.110464586415
-0.111620292881
-0.112767749236
-0.113906929291
-0.115037807046
-0.116160356722
-0.117274552731
-0.118380369701
-0.119477782466
-0.120566766078
-0.121647295795
-0.122719347099
-0.123782895691
-0.124837917488
-0.125884388636
-0.126922285502
-0.127951584687
-0.128972263009
-0.129984297539
-0.130987665564
-0.131982344617
-0.132968312465
-0.133945547121
-0.134914026835
-0.135873730107
-0.136824635686
-0.137766722567
-0.138699969997
-0.139624357478
-0.140539864771
-0.141446471888
-0.142344159111
-0.143232906976
-0.144112696294
-0.144983508127
-0.145845323826
-0.146698124999
-0.147541893531
-0.148376611586
-0.149202261603
-0.150018826302
-0.150826288675
-0.15162463202
-0.1524138399
-0.153193896178
-0.153964785
-0.154726490814
-0.155478998347
-0.156222292643
-0.156956359026
-0.157681183133
-0.158396750896
-0.159103048558
-0.159800062664
-0.160487780062
-0.161166187934
-0.161835273748
-0.162495025302
-0.163145430704
-0.163786478388
-0.164418157101
-0.165040455917
-0.165653364231
-0.166256871775
-0.166850968594
-0.167435645074
-0.168010891933
-0.168576700219
-0.169133061321
-0.169679966961
-0.170217409207
-0.170745380455
-0.171263873469
-0.171772881335
-0.1722723975
-0.172762415752
-0.173242930239
-0.17371393545
-0.174175426237
-0.174627397808
-0.175069845726
-0.175502765915
-0.175926154657
-0.176340008607
-0.176744324768
-0.177139100527
-0.177524333626
-0.17790002219
-0.178266164695
-0.178622760014
-0.178969807378
-0.1793073064
-0.17963525707
-0.179953659759
-0.180262515217
-0.180561824569
-0.180851589341
-0.18113181143
-0.181402493128
-0.181663637106
-0.181915246437
-0.182157324568
-0.18238987536
-0.182612903051
-0.18282641228
-0.183030408084
-0.183224895897
-0.183409881549
-0.183585371268
-0.183751371699
-0.183907889874
-0.184054933236
-0.184192509628
-0.18432062731
-0.184439294938
-0.184548521583
-0.184648316723
-0.184738690256
-0.184819652475
-0.184891214102
-0.184953386267
-0.185006180514
-0.185049608807
-0.185083683523
-0.185108417464
-0.185123823832
-0.185129916278
-0.185126708852
-0.185114216034
-0.185092452721
-0.185061434244
-0.185021176341
-0.18497169519
-0.18491300739
-0.184845129964
-0.184768080364
-0.184681876466
-0.184586536581
-0.184482079431
-0.184368524201
-0.184245890471
-0.184114198271
-0.183973468054
-0.183823720711
-0.183664977556
-0.18349726034
-0.183320591247
-0.183134992896
-0.182940488332
-0.182737101036
-0.18252485493
-0.182303774361
-0.182073884117
-0.181835209413
-0.181587775909
-0.18133160968
-0.181066737265
-0.180793185612
-0.180510982118
-0.180220154609
-0.179920731351
-0.179612741037
-0.179296212797
-0.178971176206
-0.178637661261
-0.178295698399
-0.177945318487
-0.177586552834
-0.177219433166
-0.176843991669
-0.176460260935
-0.176068274007
-0.17566806435
-0.175259665865
-0.174843112886
-0.174418440169
-0.173985682912
-0.173544876737
-0.173096057698
-0.172639262263
-0.172174527356
-0.171701890303
-0.171221388871
-0.170733061242
-0.170236946036
-0.169733082279
-0.16922150944
-0.168702267397
-0.168175396455
-0.167640937339
-0.167098931191
-0.166549419576
-0.165992444462
-0.165428048262
-0.164856273776
-0.164277164232
-0.163690763266
-0.16309711493
-0.162496263681
-0.161888254387
-0.161273132324
-0.160650943177
-0.16002173303
-0.159385548371
-0.158742436097
-0.158092443497
-0.157435618266
-0.156772008489
-0.156101662654
-0.155424629629
-0.154740958694
-0.154050699506
-0.153353902113
-0.152650616951
-0.151940894843
-0.151224786989
-0.150502344973
-0.149773620763
-0.149038666699
-0.148297535497
-0.147550280245
-0.146796954407
-0.146037611803
-0.14527230664
-0.144501093471
-0.143724027221
-0.14294116317
-0.14215255696
-0.141358264583
-0.140558342386
-0.139752847067
-0.138941835672
-0.138125365593
-0.137303494557
-0.136476280643
-0.135643782259
-0.134806058154
-0.1339631674
-0.13311516941
-0.132262123911
-0.131404090965
-0.130541130948
-0.129673304557
-0.128800672803
-0.12792329701
-0.12704123881
-0.126154560135
-0.125263323237
-0.124367590651
-0.123467425218
-0.122562890065
-0.12165404862
-0.120740964584
-0.119823701956
-0.118902325007
-0.117976898288
-0.117047486621
-0.116114155101
-0.11517696909
-0.114235994208
-0.113291296342
-0.112342941631
-0.111390996468
-0.110435527489
-0.109476601586
-0.108514285884
-0.107548647749
-0.106579754779
-0.105607674806
-0.104632475882
-0.103654226284
-0.10267299451
-0.10168884927
-0.100701859486
-0.0997120942821
-0.0987196229907
-0.097724515133
-0.096726840439
-0.0957266688147
-0.0947240703592
-0.0937191153499
-0.0927118742443
-0.0917024176685
-0.0906908164199
-0.0896771414626
-0.0886614639161
-0.0876438550576
-0.0866243863134
-0.0856031292596
-0.0845801556095
-0.0835555372187
-0.0825293460712
-0.0815016542848
-0.0804725340919
-0.0794420578545
-0.0784102980412
-0.077377327233
-0.0763432181154
-0.0753080434739
-0.0742718761888
-0.0732347892277
-0.0721968556515
-0.0711581485941
-0.0701187412691
-0.0690787069578
-0.0680381190113
-0.0669970508351
-0.0659555758984
-0.0649137677146
-0.063871699846
-0.062829445894
-0.0617870794957
-0.0607446743185
-0.0597023040522
-0.0586600424136
-0.0576179631264
-0.0565761399276
-0.0555346465564
-0.0544935567534
-0.0534529442496
-0.0524128827662
-0.0513734460061
-0.0503347076519
-0.0492967413543
-0.0482596207339
-0.0472234193719
-0.0461882108045
-0.0451540685192
-0.0441210659468
-0.0430892764597
-0.0420587733595
-0.0410296298832
-0.0400019191842
-0.0389757143362
-0.0379510883229
-0.0369281140355
-0.0359068642634
-0.0348874116923
-0.033869828897
-0.0328541883348
-0.0318405623413
-0.0308290231234
-0.0298196427554
-0.0288124931706
-0.0278076461591
-0.0268051733583
-0.0258051462512
-0.0248076361551
-0.0238127142231
-0.0228204514318
-0.021830918579
-0.0208441862769
-0.0198603249468
-0.0188794048125
-0.0179014958945
-0.0169266680064
-0.0159549907455
-0.0149865334899
-0.0140213653908
-0.0130595553683
-0.0121011721034
-0.0111462840353
-0.0101949593522
-0.00924726598763
-0.00830327161392
-0.0073630436364
-0.00642664918746
-0.00549415512072
-0.00456562800586
-0.00364113412155
-0.00272073945059
-0.00180450967363
-0.000892510163587
1.51940204241e-05
0.000918538138715
0.00181745777692
0.00271188885189
0.00360176761724
0.00448703066948
0.0053676149536
0.00624345776885
0.00711449677468
0.00798066999625
0.00884191583054
0.00969817305115
0.0105493808161
0.011395478671
0.0122364065565
0.0130721048133
0.0139025141885
0.0147275758396
0.0155472313425
0.0163614226955
0.0171700923253
0.017973183093
0.0187706382989
0.0195624016891
0.0203484174591
0.0211286302638
0.0219029852166
0.0226714279002
0.0234339043693
0.0241903611577
0.0249407452819
0.0256850042479
0.0264230860565
0.0271549392085
0.0278805127091
0.0285997560739
0.0293126193359
0.0300190530476
0.0307190082886
0.031412436669
0.0320992903374
0.0327795219807
0.0334530848375
0.0341199326944
0.0347800198971
0.0354333013526
0.0360797325356
0.0367192694918
0.0373518688435
0.0379774877978
0.0385960841451
0.0392076162691
0.0398120431484
0.0404093243647
0.0409994201016
0.041582291159
0.0421578989461
0.0427262054951
0.0432871734607
0.0438407661272
0.0443869474116
0.0449256818675
0.0454569346925
0.0459806717289
0.0464968594707
0.047005465063
0.0475064563165
0.0479998016995
0.0484854703504
0.0489634320767
0.0494336573645
0.0498961173745
0.0503507839554
0.0507976296403
0.051236627654
0.0516677519159
0.0520909770434
0.052506278357
0.0529136318788
0.0533130143485
0.0537044032101
0.0540877766283
0.054463113485
0.0548303933879
0.0551895966677
0.0555407043856
0.0558836983358
0.0562185610492
0.0565452757927
0.0568638265758
0.0571741981547
0.0574763760303
0.0577703464563
0.0580560964368
0.0583336137349
0.0586028868656
0.0588639051143
0.0591166585218
0.0593611378986
0.0595973348217
0.0598252416404
0.0600448514741
0.0602561582176
0.0604591565458
0.0606538419088
0.0608402105397
0.0610182594527
0.0611879864494
0.0613493901118
0.0615024698199
0.0616472257338
0.0617836588103
0.0619117707964
0.0620315642348
0.0621430424627
0.0622462096124
0.0623410706171
0.0624276312075
0.0625058979145
0.0625758780665
0.0626375798004
0.0626910120502
0.062736184556
0.0627731078591
0.0628017933097
0.0628222530562
0.0628345000599
0.062838548083
0.0628344116952
0.0628221062727
0.0628016479971
0.0627730538574
0.0627363416447
0.0626915299646
0.0626386382204
0.0625776866255
0.0625086961955
0.0624316887543
0.0623466869246
0.062253714139
0.0621527946282
0.0620439534271
0.0619272163708
0.0618026100945
0.0616701620336
0.0615299004186
0.0613818542805
0.0612260534431
0.0610625285266
0.0608913109379
0.0607124328842
0.0605259273545
0.0603318281288
0.0601301697714
0.0599209876326
0.0597043178414
0.0594801973086
0.0592486637239
0.0590097555499
0.0587635120245
0.0585099731538
0.0582491797153
0.057981173246
0.0577059960555
0.0574236912044
0.0571343025154
0.0568378745633
0.0565344526763
0.0562240829278
0.0559068121376
0.0555826878693
0.0552517584215
0.054914072829
0.0545696808568
0.0542186329994
0.0538609804724
0.053496775214
0.0531260698761
0.052748917826
0.0523653731333
0.0519754905781
0.0515793256354
0.0511769344771
0.0507683739657
0.0503537016499
0.04993297576
0.0495062552007
0.0490735995547
0.0486350690664
0.0481907246454
0.0477406278566
0.0472848409196
0.0468234266965
0.0463564486969
0.0458839710617
0.0454060585652
0.0449227766055
0.0444341912009
0.0439403689837
0.0434413771922
0.0429372836698
0.042428156854
0.0419140657739
0.0413950800386
0.0408712698409
0.0403427059403
0.0398094596633
0.0392716028937
0.0387292080692
0.03818234817
0.0376310967169
0.0370755277624
0.0365157158831
0.0359517361746
0.0353836642421
0.0348115761962
0.0342355486411
0.0336556586756
0.0330719838756
0.0324846022942
0.0318935924504
0.0312990333241
0.0307010043453
0.0300995853895
0.0294948567689
0.0288868992232
0.0282757939134
0.0276616224126
0.0270444666992
0.0264244091465
0.025801532518
0.0251759199552
0.024547654973
0.0239168214467
0.0232835036095
0.0226477860382
0.0220097536482
0.0213694916831
0.020727085707
0.0200826215948
0.0194361855232
0.018787863964
0.0181377436715
0.0174859116767
0.0168324552755
0.0161774620223
0.0155210197174
0.0148632164018
0.014204140344
0.0135438800328
0.0128825241673
0.0122201616474
0.011556881564
0.0108927731893
0.0102279259685
0.00956242950799
0.0088963735669
0.00822984804683
0.00756294298252
0.00689574853104
0.00622835496269
0.00556085265046
0.00489333206048
0.00422588374115
0.00355859831393
0.00289156646256
0.00222487892303
0.0015586264734
0.000892899923393
0.000227790104167
-0.000436612142065
-0.00110021597242
-0.00176293055377
-0.0024246650732
-0.00308532874846
-0.00374483083858
-0.00440308065415
-0.00505998756828
-0.00571546102691
-0.00636941055949
-0.0070217457897
-0.00767237644594
-0.00832121237236
-0.00896816353869
-0.009613140053
-0.0102560521696
-0.0108968103022
-0.0115353250333
-0.0121715071259
-0.0128052675333
-0.0134365174109
-0.0140651681263
-0.0146911312712
-0.0153143186705
-0.0159346423944
-0.0165520147697
-0.0171663483893
-0.0177775561243
-0.0183855511335
-0.0189902468763
-0.0195915571204
-0.0201893959574
-0.0207836778085
-0.0213743174391
-0.0219612299678
-0.0225443308781
-0.0231235360284
-0.0236987616632
-0.0242699244258
-0.0248369413652
-0.0253997299505
-0.025958208079
-0.0265122940899
-0.0270619067714
-0.027606965375
-0.0281473896233
-0.0286830997236
-0.0292140163745
-0.0297400607814
-0.0302611546632
-0.0307772202647
-0.0312881803673
-0.0317939582981
-0.0322944779424
-0.0327896637504
-0.0332794407547
-0.0337637345726
-0.0342424714218
-0.0347155781279
-0.0351829821377
-0.0356446115243
-0.036100395004
-0.036550261941
-0.0369941423598
-0.037431966955
-0.037863667101
-0.0382891748626
-0.038708423002
-0.0391213449965
-0.0395278750373
-0.0399279480477
-0.0403214996887
-0.0407084663713
-0.0410887852626
-0.0414623942982
-0.0418292321908
-0.0421892384403
-0.0425423533401
-0.0428885179898
-0.043227674304
-0.0435597650187
-0.043884733704
-0.0442025247692
-0.044513083476
-0.0448163559407
-0.0451122891536
-0.0454008309759
-0.0456819301564
-0.0459555363358
-0.0462216000583
-0.0464800727761
-0.0467309068602
-0.0469740556105
-0.0472094732586
-0.0474371149805
-0.0476569369009
-0.0478688961052
-0.0480729506404
-0.0482690595344
-0.0484571827891
-0.048637281399
-0.0488093173527
-0.0489732536433
-0.0491290542731
-0.0492766842611
-0.0494161096524
-0.0495472975222
-0.0496702159837
-0.0497848341917
-0.0498911223576
-0.0499890517451
-0.0500785946842
-0.0501597245723
-0.0502324158858
-0.0502966441781
-0.0503523860955
-0.0503996193741
-0.0504383228501
-0.0504684764639
-0.0504900612656
-0.0505030594205
-0.0505074542114
-0.0505032300524
-0.0504903724814
-0.0504688681741
-0.0504387049439
-0.0503998717505
-0.0503523586976
-0.0502961570466
-0.0502312592115
-0.0501576587688
-0.0500753504586
-0.049984330189
-0.0498845950405
-0.0497761432672
-0.0496589743039
-0.0495330887649
-0.0493984884517
-0.0492551763479
-0.0491031566355
-0.0489424346828
-0.0487730170567
-0.0485949115201
-0.0484081270382
-0.0482126737749
-0.0480085630999
-0.0477958075897
-0.0475744210258
-0.0473444184001
-0.0471058159128
-0.0468586309778
-0.0466028822165
-0.0463385894713
-0.0460657737908
-0.0457844574424
-0.0454946639062
-0.0451964178794
-0.0448897452726
-0.0445746732118
-0.0442512300392
-0.0439194453116
-0.043579349799
-0.0432309754841
-0.0428743555657
-0.0425095244512
-0.0421365177608
-0.0417553723219
-0.0413661261729
-0.0409688185541
-0.0405634899156
-0.0401501819067
-0.0397289373788
-0.0392998003814
-0.0388628161603
-0.0384180311547
-0.0379654929931
-0.0375052504961
-0.0370373536653
-0.036561853686
-0.036078802921
-0.0355882549095
-0.0350902643594
-0.0345848871498
-0.0340721803202
-0.0335522020713
-0.0330250117579
-0.0324906698858
-0.0319492381072
-0.031400779214
-0.0308453571367
-0.0302830369352
-0.0297138847968
-0.0291379680263
-0.028555355048
-0.0279661153918
-0.0273703196925
-0.0267680396811
-0.0261593481812
-0.0255443190988
-0.0249230274197
-0.0242955492009
-0.0236619615633
-0.023022342686
-0.0223767717978
-0.0217253291713
-0.0210680961128
-0.02040515496
-0.0197365890673
-0.0190624828031
-0.018382921539
-0.0176979916433
-0.0170077804705
-0.0163123763548
-0.0156118686008
-0.0149063474734
-0.0141959041904
-0.0134806309122
-0.0127606207335
-0.0120359676724
-0.0113067666625
-0.0105731135418
-0.00983510504376
-0.00909283878566
-0.00834641326091
-0.00759592782627
-0.00684148269273
-0.00608317891445
-0.00532111837811
-0.0045554037918
-0.00378613867405
-0.00301342734301
-0.00223737490445
-0.00145808724077
-0.000675670999175
0.00010976641991
0.000898116874827
0.00168927149468
0.0024831206914
0.00327955417211
0.00407846095143
0.00487972936409
0.00568324707748
0.00648890110428
0.00729657781621
0.00810616295569
0.00891754165008
0.00973059842428
0.0105452172148
0.0113612813824
0.0121786737265
0.0129972764981
0.013816971415
0.0146376396735
0.015459161965
0.0162814184884
0.0171042889652
0.0179276526535
0.0187513883627
0.0195753744682
0.0203994889244
0.0212236092842
0.0220476127078
0.022871375982
0.023694775533
0.0245176874437
0.0253399874659
0.0261615510391
0.0269822533037
0.0278019691172
0.0286205730696
0.029437939499
0.0302539425085
0.0310684559793
0.0318813535908
0.0326925088324
0.0335017950233
0.0343090853233
0.0351142527573
0.0359171702232
0.0367177105132
0.0375157463284
0.0383111502966
0.0391037949865
0.0398935529256
0.0406802966194
0.0414638985631
0.0422442312624
0.0430211672473
0.0437945790928
0.0445643394287
0.0453303209682
0.0460923965118
0.0468504389734
0.0476043213934
0.0483539169574
0.0490990990115
0.04983974108
0.050575716887
0.0513069003654
0.0520331656804
0.0527543872435
0.0534704397333
0.0541811981073
0.0548865376249
0.0555863338601
0.0562804627242
0.0569688004742
0.057651223741
0.0583276095387
0.0589978352848
0.0596617788181
0.0603193184142
0.060970332805
0.0616147011905
0.0622523032683
0.0628830192359
0.0635067298185
0.0641233162804
0.0647326604478
0.0653346447174
0.0659291520846
0.0665160661515
0.0670952711483
0.0676666519497
0.0682300940907
0.068785483786
0.0693327079407
0.0698716541824
0.0704022108571
0.0709242670622
0.0714377126551
0.0719424382756
0.0724383353558
0.0729252961419
0.0734032137096
0.0738719819815
0.0743314957385
0.0747816506416
0.0752223432488
0.0756534710255
0.0760749323669
0.076486626608
0.0768884540474
0.0772803159502
0.0776621145844
0.0780337532142
0.0783951361308
0.0787461686612
0.0790867571877
0.0794168091576
0.0797362331031
0.0800449386591
0.0803428365696
0.0806298387103
0.080905858098
0.0811708089121
0.0814246064974
0.081667167399
0.0818984093516
0.0821182513134
0.0823266134698
0.0825234172531
0.0827085853521
0.0828820417271
0.083043711627
0.0831935215988
0.0833313995024
0.0834572745191
0.0835710771792
0.0836727393562
0.0837621942935
0.0838393766079
0.0839042223119
0.0839566688122
0.0839966549395
0.0840241209451
0.084039008521
0.08404126081
0.0840308224159
0.0840076394172
0.0839716593719
0.0839228313455
0.0838611058989
0.0837864351163
0.0836987726071
0.0835980735234
0.0834842945592
0.083357393976
0.083217331598
0.0830640688308
0.0828975686664
0.0827177956946
0.0825247161131
0.0823182977313
0.0820985099884
0.0818653239517
0.0816187123342
0.0813586494897
0.0810851114426
0.0807980758717
0.0804975221336
0.0801834312627
0.0798557859845
0.0795145707136
0.0791597715688
0.0787913763787
0.0784093746825
0.078013757742
0.0776045185429
0.0771816518063
0.0767451539834
0.0762950232809
0.0758312596411
0.0753538647657
0.0748628421107
0.0743581968966
0.0738399361074
0.0733080684966
0.072762604594
0.072203556706
0.0716309389184
0.071044767098
0.070445058905
0.0698318337823
0.0692051129682
0.0685649194906
0.0679112781779
0.0672442156483
0.0665637603272
0.0658699424335
0.0651627939894
0.0644423488182
0.0637086425453
0.0629617125981
0.0622015982034
0.0614283403975
0.0606419820109
0.0598425676791
0.0590301438347
0.0582047587127
0.0573664623398
0.0565153065457
0.0556513449478
0.0547746329584
0.0538852277777
0.0529831883926
0.0520685755746
0.0511414518731
0.0502018816184
0.0492499309119
0.0482856676266
0.0473091613966
0.0463204836243
0.0453197074632
0.0443069078213
0.0432821613517
0.0422455464512
0.0411971432492
0.0401370336077
0.0390653011122
0.0379820310653
0.0368873104813
0.0357812280781
0.034663874272
0.0335353411664
0.0323957225524
0.031245113891
0.0300836123123
0.0289113166041
0.0277283272049
0.0265347461933
0.0253306772811
0.0241162258036
0.0228914987091
0.0216566045499
0.0204116534726
0.019156757208
0.0178920290596
0.0166175838952
0.0153335381335
0.0140400097355
0.0127371181903
0.0114249845069
0.0101037311998
0.00877348227826
0.00743436323367
0.00608650102737
0.00473002407769
0.00336506224714
0.00199174682977
0.000610210537084
-0.000779412515026
-0.00217698682016
-0.00358237549547
-0.0049954402955
-0.00641604162736
-0.00784403856438
-0.00927928886173
-0.010721648971
-0.0121709740556
-0.0136271180064
-0.0150899334562
-0.0165592717985
-0.0180349831999
-0.0195169166188
-0.0210049198207
-0.0224988393961
-0.0239985207753
-0.0255038082476
-0.0270145449767
-0.0285305730206
-0.0300517333449
-0.0315778658453
-0.033108809363
-0.0346444017027
-0.0361844796523
-0.0377288789998
-0.0392774345537
-0.0408299801576
-0.0423863487185
-0.0439463722141
-0.0455098817212
-0.0470767074298
-0.0486466786674
-0.0502196239125
-0.0517953708215
-0.0533737462447
-0.0549545762468
-0.0565376861286
-0.0581229004456
-0.0597100430322
-0.0612989370162
-0.0628894048486
-0.0644812683161
-0.0660743485699
-0.0676684661362
-0.0692634409537
-0.07085909238
-0.0724552392216
-0.074051699753
-0.0756482917409
-0.0772448324622
-0.0788411387279
-0.0804370269111
-0.0820323129592
-0.0836268124248
-0.0852203404818
-0.0868127119558
-0.0884037413339
-0.0899932428081
-0.0915810302758
-0.0931669173781
-0.0947507175162
-0.0963322438775
-0.0979113094559
-0.0994877270751
-0.101061309422
-0.102631869052
-0.104199218429
-0.105763169936
-0.107323535914
-0.108880128667
-0.110432760502
-0.111981243743
-0.113525390761
-0.115065013989
-0.116599925959
-0.118129939314
-0.119654866837
-0.121174521476
-0.122688716366
-0.124197264855
-0.125699980517
-0.127196677202
-0.128687169031
-0.130171270438
-0.131648796186
-0.133119561397
-0.134583381566
-0.136040072602
-0.137489450834
-0.138931333047
-0.1403655365
-0.141791878952
-0.143210178688
-0.14462025453
-0.146021925894
-0.14741501277
-0.148799335779
-0.150174716178
-0.151540975899
-0.152897937558
-0.154245424485
-0.155583260752
-0.156911271193
-0.15822928142
-0.159537117858
-0.160834607766
-0.162121579253
-0.163397861309
-0.164663283822
-0.165917677612
-0.167160874427
-0.168392707013
-0.169613009087
-0.170821615389
-0.172018361697
-0.17320308485
-0.174375622767
-0.175535814471
-0.176683500122
-0.177818521019
-0.178940719637
-0.18004993964
-0.181146025915
-0.182228824568
-0.183298182991
-0.184353949827
-0.185395975036
-0.186424109892
-0.187438207015
-0.188438120385
-0.189423705363
-0.190394818721
-0.191351318651
-0.19229306479
-0.193219918231
-0.194131741569
-0.195028398887
-0.195909755799
-0.196775679454
-0.197626038574
-0.198460703445
-0.199279545969
-0.200082439656
-0.200869259655
-0.201639882769
-0.202394187472
-0.203132053931
-0.203853364009
-0.204558001319
-0.205245851192
-0.20591680073
-0.206570738806
-0.207207556093
-0.207827145059
-0.208429400016
-0.209014217103
-0.209581494322
-0.210131131544
-0.21066303053
-0.211177094943
-0.211673230359
-0.212151344294
-0.212611346204
-0.213053147513
-0.213476661598
-0.213881803858
-0.214268491664
-0.214636644416
-0.214986183534
-0.215317032485
-0.215629116779
-0.215922363993
-0.21619670379
-0.216452067909
-0.216688390193
-0.21690560659
-0.21710365518
-0.217282476151
-0.217442011871
-0.217582206823
-0.217703007672
-0.217804363243
-0.217886224551
-0.217948544793
-0.217991279361
-0.218014385862
-0.218017824112
-0.21800155615
-0.217965546233
-0.217909760878
-0.217834168825
-0.217738741077
-0.217623450879
-0.217488273759
-0.217333187485
-0.217158172129
-0.216963210021
-0.216748285785
-0.216513386328
-0.216258500854
-0.215983620861
-0.215688740139
-0.215373854804
-0.215038963258
-0.214684066223
-0.214309166727
-0.213914270122
-0.213499384057
-0.213064518527
-0.212609685822
-0.212134900565
-0.211640179695
-0.211125542474
-0.210591010486
-0.210036607628
-0.209462360131
-0.208868296536
-0.20825444771
-0.20762084682
-0.206967529376
-0.206294533178
-0.205601898348
-0.20488966731
-0.204157884804
-0.203406597855
-0.202635855799
-0.201845710267
-0.201036215172
-0.200207426722
-0.199359403398
-0.198492205963
-0.197605897435
-0.196700543128
-0.195776210584
-0.194832969612
-0.193870892263
-0.192890052829
-0.191890527828
-0.190872396007
-0.189835738331
-0.188780637969
-0.18770718029
-0.186615452854
-0.185505545405
-0.184377549854
-0.183231560284
-0.182067672921
-0.180885986145
-0.179686600452
-0.17846961848
-0.177235144963
-0.17598328674
-0.174714152736
-0.173427853955
-0.172124503459
-0.17080421636
-0.169467109822
-0.168113303019
-0.166742917146
-0.165356075391
-0.163952902934
-0.162533526912
-0.161098076439
-0.159646682553
-0.158179478226
-0.156696598342
-0.155198179679
-0.153684360898
-0.152155282518
-0.150611086917
-0.149051918297
-0.147477922683
-0.145889247881
-0.144286043504
-0.142668460908
-0.141036653206
-0.139390775233
-0.137730983541
-0.136057436364
-0.134370293618
-0.132669716871
-0.130955869323
-0.129228915795
-0.127489022699
-0.125736358032
-0.123971091331
-0.122193393695
-0.120403437717
-0.118601397497
-0.116787448606
-0.114961768073
-0.113124534352
-0.111275927317
-0.109416128228
-0.107545319715
-0.105663685752
-0.103771411636
-0.101868683971
-0.0999556906329
-0.0980326207619
-0.0960996647259
-0.0941570141096
-0.0922048616752
-0.0902434013622
-0.0882728282414
-0.0862933385044
-0.084305129435
-0.0823083993881
-0.0803033477612
-0.0782901749725
-0.0762690824416
-0.0742402725551
-0.0722039486501
-0.0701603149833
-0.0681095767134
-0.0660519398647
-0.0639876113186
-0.0619167987705
-0.0598397107169
-0.0577565564238
-0.0556675459042
-0.0535728898895
-0.051472799805
-0.0493674877483
-0.0472571664544
-0.045142049277
-0.0430223501583
-0.0408982836063
-0.0387700646637
-0.0366379088866
-0.0345020323138
-0.0323626514441
-0.0302199832046
-0.0280742449301
-0.0259256543319
-0.0237744294723
-0.0216207887387
-0.0194649508153
-0.0173071346574
-0.0151475594625
-0.0129864446472
-0.0108240098154
-0.00866047473491
-0.00649605930825
-0.00433098354691
-0.00216546754325
2.68555779395e-07
0.00216600457634
0.0043315203446
0.00649659571387
0.00866101059167
0.010824544967
0.0129869789367
0.0151480927347
0.0173076667558
0.0194654815855
0.0216213180254
0.0237749571215
0.0259261801895
0.0280747688428
0.0302205050196
0.0323631710096
0.0345025494794
0.0366384235003
0.0387705765769
0.0408987926695
0.0430228562249
0.0451425521988
0.0472576660871
0.0493679839445
0.0514732924231
0.0535733787848
0.0556680309369
0.0577570374538
0.0598401876056
0.06191727138
0.0639880795112
0.0660524035078
0.0681100356713
0.0701607691276
0.0722043978482
0.0742407166806
0.0762695213633
0.0782906085688
0.0803037759055
0.0823088219611
0.0843055463165
0.0862937495757
0.0882732333865
0.0902438004653
0.0922052546247
0.0941574007929
0.0961000450395
0.0980329945925
0.09995605788
0.10186904453
0.103771765409
0.105664032638
0.107545659621
0.109416461057
0.111276252978
0.113124852754
0.11496207913
0.116787752236
0.118601693615
0.120403726245
0.12219367455
0.123971364444
0.125736623323
0.127489280106
0.129229165245
0.130956110754
0.132669950218
0.134370518822
0.136057653364
0.137731192284
0.139390975668
0.141036845279
0.142668644573
0.144286218714
0.145889414598
0.14747808086
0.149052067908
0.150611227916
0.15215541488
0.15368448459
0.155198294678
0.156696704622
0.158179575767
0.159646771335
0.161098156443
0.162533598128
0.163952965346
0.165356128999
0.16674296194
0.168113339001
0.169467136982
0.170804234709
0.172124512996
0.173427854693
0.174714144685
0.175983269914
0.177235119377
0.17846958415
0.1796865574
0.180885934392
0.1820676125
0.183231491214
0.184377472172
0.185505459141
0.186615358048
0.187707076976
0.188780526193
0.189835618129
0.190872267427
0.191890390916
0.192889907636
0.193870738845
0.194832808023
0.195776040882
0.196700365365
0.197605711682
0.198492012272
0.199359201848
0.200207217375
0.201035998104
0.201845485539
0.202635623494
0.203406358044
0.204157637569
0.204889412735
0.205601636511
0.206294264167
0.206967253272
0.207620563716
0.208254157688
0.2088679997
0.209462056561
0.210036297426
0.210590693745
0.211125219297
0.211639850178
0.212134564812
0.212609343932
0.213064170602
0.213499030206
0.213913910445
0.214308801343
0.214683695235
0.215038586783
0.215373472941
0.215688353012
0.215983228576
0.216258103534
0.216512984087
0.216747878742
0.21696279829
0.217157755827
0.217332766736
0.21748784868
0.217623021601
0.217738307713
0.217833731506
0.217909319721
0.217965101366
0.218001107689
0.218017372197
0.218013930607
0.217990820896
0.217948083242
0.217885760044
0.217803895905
0.21770253763
0.217581734208
0.2174415368
0.217281998762
0.217103175588
0.216905124936
0.216687906597
0.216451582506
0.216196216698
0.215921875345
0.215628626696
0.215316541099
0.214985690973
0.214636150805
0.214267997131
0.213881308523
0.213476165591
0.21305265095
0.212610849224
0.212150847006
0.211672732892
0.211176597415
0.210662533068
0.210130634265
0.209580997349
0.209013720551
0.208428904003
0.207826649703
0.207207061507
0.206570245112
0.205916308039
0.205245359623
0.204557510973
0.203852875008
0.203131566375
0.20239370148
0.201639398445
0.200868777109
0.200081958989
0.199279067285
0.198460226849
0.197625564165
0.19677520734
0.195909286073
0.195027931652
0.194131276916
0.193219456258
0.192292605585
0.191350862316
0.190394365338
0.189423255024
0.188437673175
0.187437763023
0.186423669201
0.18539553773
0.184353515987
0.18329775269
0.182228397892
0.18114560293
0.180049520431
0.178940304271
0.177818109574
0.176683092658
0.175535411062
0.174375223474
0.173202689742
0.172017970837
0.170821228837
0.169612626903
0.168392329249
0.167160501146
0.16591730886
0.164662919661
0.163397501784
0.162121224416
0.160834257662
0.159536772534
0.158228940915
0.156910935554
0.155582930018
0.154245098692
0.152897616743
0.151540660099
0.150174405426
0.148799030104
0.147414712207
0.146021630462
0.144619964263
0.143209893602
0.141791599079
0.140365261858
0.138931063659
0.137489186714
0.136039813767
0.134583128032
0.133119313175
0.131648553293
0.130171032881
0.128686936822
0.127196450341
0.125699759016
0.124197048714
0.122688505594
0.12117431607
0.1196546668
0.118129744643
0.116599736652
0.11506483004
0.113525212167
0.111981070498
0.110432592595
0.10887996609
0.107323378656
0.105763017988
0.104199071774
0.102631727681
0.101061173314
0.0994875962186
0.0979111838294
0.0963321234659
0.0947506022999
0.0931668073373
0.0915809253886
0.0899931430501
0.088403646685
0.0868126223888
0.0852202559764
0.0836267329525
0.0820322384962
0.0804369574278
0.0788410741978
0.0772447728543
0.0756482370299
0.0740516499066
0.0724551942093
0.070859052171
0.069263405516
0.0676684354383
0.0660743225779
0.0644812470005
0.0628893881715
0.0612989249462
0.0597100355336
0.0581228974857
0.0565376876708
0.0549545822575
0.0533737566863
0.0517953856592
0.0502196431099
0.0486467021886
0.0470767352399
0.0455099137829
0.043946408492
0.0423863891739
0.0408300247564
0.0392774832574
0.0377289317742
0.03618453646
0.0346444625081
0.0331088741294
0.0315779345367
0.0300518059251
0.0285306494544
0.0270146252289
0.0255038922819
0.0239986085573
0.0224989308908
0.0210050149941
0.0195170154362
0.0180350856281
0.0165593778031
0.0150900430048
0.0136272310657
0.012171090594
0.0107217689564
0.00927941226295
0.00784416535036
0.00641617176755
0.00499557376016
0.00358251225506
0.00217712684596
0.000779555778628
-0.000610064063456
-0.00199159717327
-0.00336490943447
-0.00472986813472
-0.00608634197972
-0.00743420110612
-0.00877331709502
-0.0101035629845
-0.0114248132823
-0.0127369439787
-0.0140398325585
-0.0153333580126
-0.0166174008499
-0.01789184311
-0.0191565683727
-0.0204114617705
-0.0216564099981
-0.0228913013251
-0.0241160256029
-0.0253304742795
-0.0265345404053
-0.027728118645
-0.0289111052863
-0.0300833982492
-0.0312448970951
-0.0323955030339
-0.0335351189377
-0.0346636493417
-0.0357810004576
-0.0368870801785
-0.0379817980895
-0.0390650654694
-0.040136795306
-0.0411969022945
-0.0422453028497
-0.0432819151096
-0.0443066589424
-0.0453194559526
-0.0463202294844
-0.0473089046315
-0.0482854082372
-0.0492496689036
-0.0502016169894
-0.0511411846263
-0.0520683057096
-0.0529829159112
-0.0538849526785
-0.0547743552419
-0.0556510646119
-0.0565150235885
-0.0573661767607
-0.058204470508
-0.0590298530049
-0.0598422742199
-0.0606416859214
-0.061428041671
-0.0622012968401
-0.0629614085915
-0.0637083358947
-0.0644420395191
-0.0651624820385
-0.0658696278256
-0.0665634430579
-0.067243895715
-0.0679109555751
-0.0685645942172
-0.0692047850179
-0.0698315031533
-0.0704447255915
-0.0710444310978
-0.0716306002255
-0.0722032153216
-0.0727622605113
-0.073307721714
-0.0738395866215
-0.0743578447064
-0.074862487214
-0.0753535071605
-0.0758308993269
-0.0762946602536
-0.0767447882461
-0.077181283355
-0.0776041473827
-0.0780133838716
-0.0784089981058
-0.0787909970939
-0.0791593895816
-0.0795141860252
-0.0798553986007
-0.0801830411894
-0.080497129375
-0.0807976804355
-0.0810847133338
-0.0813582487178
-0.0816183089048
-0.08186491788
-0.0820981012791
-0.0823178863988
-0.0825243021676
-0.0827173791517
-0.0828971495382
-0.0830636471346
-0.083216907348
-0.0833569671889
-0.0834838652541
-0.0835976417178
-0.0836983383251
-0.0837859983774
-0.0838606667284
-0.0839223897626
-0.0839712154064
-0.084007193091
-0.0840303737609
-0.0840408098537
-0.084038555295
-0.0840236654786
-0.0839961972655
-0.0839562089657
-0.0839037603272
-0.083838912525
-0.0837617281481
-0.0836722711905
-0.0835706070315
-0.0834568024338
-0.0833309255201
-0.0831930457703
-0.0830432339944
-0.0828815623405
-0.0827081042601
-0.0825229345081
-0.0823261291239
-0.0821177654208
-0.0818979219682
-0.081666678579
-0.0814241163024
-0.0811703173981
-0.0809053653311
-0.080629344751
-0.0803423414852
-0.0800444425112
-0.0797357359623
-0.0794163110903
-0.0790862582663
-0.0787456689583
-0.0783946357192
-0.0780332521688
-0.0776616129789
-0.0772798138659
-0.0768879515601
-0.0764861238026
-0.0760744293227
-0.0756529678282
-0.0752218399814
-0.0747811473912
-0.0743309925909
-0.0738714790287
-0.0734027110404
-0.0729247938473
-0.072437833529
-0.071941937011
-0.0714372120491
-0.0709237672102
-0.0704017118587
-0.0698711561329
-0.069332210944
-0.0687849879395
-0.0682295995009
-0.0676661587186
-0.0670947793822
-0.0665155759538
-0.0659286635627
-0.0653341579792
-0.0647321756013
-0.0641228334375
-0.063506249088
-0.062882540731
-0.062251827099
-0.0616142274713
-0.0609698616472
-0.0603188499364
-0.0596613131318
-0.0589973725075
-0.0583271497859
-0.0576507671301
-0.0569683471223
-0.0562800127497
-0.0555858873828
-0.054886094761
-0.0541807589776
-0.0534700044568
-0.0527539559413
-0.0520327384711
-0.051306477371
-0.0505752982253
-0.0498393268737
-0.0490986893792
-0.0483535120214
-0.0476039212744
-0.0468500437921
-0.0460920063885
-0.045329936022
-0.0445639597815
-0.0437942048626
-0.0430207985561
-0.0422438682279
-0.0414635413055
-0.040679945256
-0.039893207575
-0.0391034557648
-0.0383108173226
-0.0375154197172
-0.0367173903803
-0.0359168566834
-0.0351139459244
-0.0343087853109
-0.0335015019429
-0.0326922227972
-0.0318810747091
-0.0310681843616
-0.0302536782625
-0.0294376827329
-0.0286203238884
-0.0278017276266
-0.0269820196062
-0.0261613252372
-0.0253397696604
-0.024517477734
-0.0236945740177
-0.0228711827572
-0.022047427869
-0.0212234329236
-0.0203993211349
-0.0195752153387
-0.0187512379827
-0.0179275111091
-0.0171041563413
-0.0162812948678
-0.0154590474285
-0.0146375343001
-0.013816875282
-0.0129971896806
-0.012178596297
-0.011361213412
-0.0105451587721
-0.00973054957588
-0.00891750246006
-0.00810613348633
-0.00729655812678
-0.00648889125247
-0.005683247118
-0.00487973934977
-0.00407848093238
-0.00327958419604
-0.00248316080344
-0.00168932173743
-0.000898177288413
-0.000109837041788
0.00067559013415
0.00145799610039
0.00223727345925
0.00301331556605
0.00378601654138
0.00455527128194
0.00532097547266
0.00608302559764
0.00684131895165
0.00759575365085
0.00834622864383
0.00909264372263
0.00983489953316
0.0105728975856
0.0113065402644
0.0120357308401
0.012760373477
0.0134803732452
0.0141956361287
0.0149060690365
0.0156115798103
0.0163120772363
0.0170074710516
0.0176976719554
0.0183825916167
0.0190621426833
0.0197362387905
0.0204047945685
0.0210677256538
0.0217249486929
0.0223763813534
0.0230219423303
0.0236615513551
0.0242951292003
0.0249225976916
0.0255438797099
0.026158899202
0.0267675811851
0.0273698517552
0.0279656380927
0.0285548684682
0.029137472251
0.0297133799126
0.0302825230346
0.0308448343108
0.0314002475601
0.0319486977234
0.0324901208747
0.0330244542231
0.0335516361206
0.0340716060627
0.0345843046975
0.035089673828
0.0355876564157
0.0360781965865
0.0365612396327
0.0370367320194
0.0375046213833
0.0379648565456
0.0384173875033
0.0388621654415
0.039299142732
0.0397282729387
0.0401495108177
0.0405628123211
0.0409681346005
0.0413654360081
0.041754676098
0.0421358156278
0.0425088165649
0.0428736420815
0.0432302565611
0.0435786255959
0.0439187159925
0.0442504957658
0.04457393415
0.0448890015888
0.0451956697429
0.045493911487
0.0457837009116
0.046065013322
0.0463378252369
0.0466021143943
0.0468578597422
0.0471050414447
0.0473436408774
0.0475736406303
0.0477950245005
0.0480077775011
0.0482118858486
0.0484073369696
0.0485941194949
0.0487722232599
0.0489416393018
0.0491023598561
0.0492543783588
0.0493976894393
0.0495322889213
0.0496581738145
0.0497753423233
0.0498837938307
0.0499835289043
0.0500745492878
0.0501568579033
0.0502304588399
0.0502953573587
0.0503515598838
0.0503990739994
0.050437908447
0.0504680731193
0.0504895790589
0.0505024384479
0.0505066646154
0.0505022720178
0.0504892762453
0.0504676940113
0.0504375431514
0.0503988426125
0.0503516124548
0.0502958738417
0.0502316490348
0.0501589613894
0.0500778353477
0.0499882964349
0.0498903712497
0.0497840874633
0.0496694738078
0.0495465600754
0.049415377104
0.0492759567828
0.0491283320332
0.04897253681
0.0488086060914
0.0486365758739
0.0484564831626
0.0482683659653
0.0480722632892
0.0478682151262
0.0476562624515
0.047436447212
0.0472088123232
0.0469734016542
0.0467302600313
0.0464794332172
0.0462209679126
0.0459549117432
0.0456813132539
0.0454002218985
0.0451116880323
0.0448157629075
0.0445124986566
0.044201948291
0.0438841656879
0.0435592055857
0.0432271235702
0.0428879760702
0.0425418203455
0.0421887144813
0.0418287173729
0.0414618887243
0.0410882890335
0.0407079795847
0.04032102244
0.0399274804279
0.0395274171362
0.0391208968979
0.0387079847909
0.0382887466166
0.037863248899
0.0374315588699
0.036993744463
0.0365498742989
0.0361000176814
0.0356442445824
0.0351826256344
0.0347152321193
0.0342421359588
0.0337634097047
0.0332791265262
0.0327893602042
0.0322941851163
0.03179367623
0.0312879090877
0.0307769598038
0.0302609050466
0.0297398220321
0.029213788512
0.0286828827644
0.0281471835811
0.0276067702585
0.027061722588
0.0265121208426
0.0259580457688
0.0253995785735
0.0248368009162
0.024269794894
0.0236986430373
0.0231234282916
0.0225442340123
0.0219611439511
0.0213742422465
0.0207836134115
0.0201893423243
0.0195915142176
0.0189902146656
0.0183855295755
0.017777545175
0.0171663480028
0.0165520248961
0.0159346629817
0.0153143496631
0.0146911726118
0.0140652197535
0.0134365792609
0.0128053395397
0.0121715892194
0.0115354171421
0.0108969123514
0.0102561640821
0.00961326174827
0.00896829493465
0.00832135338338
0.00767252698487
0.00702190576622
0.00636957988123
0.00571563959868
0.00506017529286
0.00440327743187
0.00374503656753
0.00308554332458
0.0024248883901
0.00176316250298
0.00110045644328
0.000436861021977
-0.000227532929876
-0.000892634571364
-0.00155835306218
-0.00222459757309
-0.00289127729612
-0.00355830145503
-0.00422557931552
-0.00489302019563
-0.00556053347553
-0.00622802860813
-0.00689541512915
-0.00756260266689
-0.00822950095273
-0.00889601983055
-0.00956206926748
-0.0102275593624
-0.0108924003582
-0.0115565026489
-0.0122197767913
-0.0128821335136
-0.0135434837263
-0.01420373853
-0.0148628092266
-0.0155206073286
-0.0161770445674
-0.0168320329042
-0.0174854845378
-0.0181373119158
-0.0187874277409
-0.0194357449851
-0.0200821768924
-0.0207266369931
-0.0213690391099
-0.0220092973685
-0.0226473262051
-0.0232830403757
-0.0239163549657
-0.0245471853977
-0.0251754474403
-0.0258010572151
-0.02642393121
-0.0270439862815
-0.0276611396675
-0.0282753089929
-0.0288864122805
-0.0294943679548
-0.0300990948563
-0.0307005122437
-0.0312985398051
-0.0318930976647
-0.0324841063909
-0.0330714870042
-0.0336551609827
-0.0342350502759
-0.0348110773035
-0.0353831649697
-0.0359512366664
-0.0365152162841
-0.0370750282148
-0.0376305973628
-0.0381818491496
-0.0387287095234
-0.0392711049611
-0.0398089624802
-0.0403422096435
-0.0408707745647
-0.0413945859173
-0.0419135729381
-0.0424276654373
-0.0429367937984
-0.0434408889953
-0.0439398825867
-0.0444337067296
-0.0449222941819
-0.0454055783113
-0.0458834930965
-0.0463559731377
-0.0468229536603
-0.0472843705194
-0.0477401602071
-0.048190259856
-0.0486346072472
-0.0490731408098
-0.0495057996378
-0.0499325234796
-0.0503532527552
-0.050767928555
-0.0511764926477
-0.0515788874819
-0.0519750561926
-0.0523649426068
-0.0527484912463
-0.0531256473317
-0.0534963567861
-0.0538605662444
-0.05421822305
-0.0545692752648
-0.054913671668
-0.0552513617661
-0.0555822957876
-0.0559064246992
-0.056223700197
-0.0565340747176
-0.0568375014386
-0.0571339342831
-0.0574233279215
-0.0577056377738
-0.0579808200197
-0.0582488315906
-0.058509630181
-0.0587631742461
-0.0590094230097
-0.0592483364586
-0.0594798753575
-0.0597040012378
-0.0599206764098
-0.0601298639601
-0.0603315277557
-0.0605256324455
-0.0607121434606
-0.060891027021
-0.0610622501322
-0.0612257805906
-0.0613815869788
-0.0615296386803
-0.0616699058658
-0.0618023595046
-0.0619269713608
-0.0620437139995
-0.0621525607802
-0.0622534858668
-0.0623464642228
-0.0624314716134
-0.0625084846073
-0.0625774805757
-0.0626384376956
-0.0626913349438
-0.0627361521118
-0.0627728697874
-0.062801469369
-0.0628219330591
-0.0628342438687
-0.0628383856114
-0.0628343429107
-0.0628221011954
-0.0628016466995
-0.0627729664631
-0.0627360483313
-0.0626908809557
-0.0626374537895
-0.0625757570936
-0.0625057819287
-0.0624275201622
-0.0623409644562
-0.0622461082831
-0.0621429459079
-0.0620314723979
-0.0619116836172
-0.0617835762275
-0.0616471476844
-0.0615023962371
-0.0613493209317
-0.0611879216009
-0.0610181988699
-0.0608401541495
-0.0606537896406
-0.0604591083224
-0.0602561139661
-0.0600448111155
-0.0598252050983
-0.0595973020169
-0.0593611087498
-0.0591166329471
-0.0588638830283
-0.0586028681868
-0.0583335983751
-0.0580560843127
-0.057770337478
-0.0574763701106
-0.0571741952026
-0.0568638265014
-0.056545278503
-0.0562185664543
-0.0558837063411
-0.0555407148967
-0.05518960959
-0.0548304086262
-0.0544631309439
-0.0540877962098
-0.0537044248183
-0.0533130378825
-0.0529136572431
-0.0525063054497
-0.0520910057682
-0.0516677821719
-0.0512366593423
-0.0507976626589
-0.0503508182041
-0.0498961527527
-0.0494336937708
-0.0489634694116
-0.0484855085113
-0.0479998405867
-0.047506495827
-0.0470055050966
-0.0464968999244
-0.0459807125049
-0.0454569756869
-0.0449257229808
-0.0443869885425
-0.0438408071762
-0.0432872143274
-0.0427262460801
-0.0421579391501
-0.0415823308819
-0.0409994592463
-0.0404093628314
-0.0398120808419
-0.0392076530914
-0.0385961200014
-0.0379775225903
-0.037351902479
-0.0367193018746
-0.0360797635734
-0.0354333309529
-0.034780047968
-0.0341199591447
-0.0334531095762
-0.03277954492
-0.0320993113878
-0.031412455745
-0.0307190253029
-0.030019067916
-0.0293126319736
-0.0285997663984
-0.0278805206378
-0.0271549446622
-0.0264230889551
-0.0256850045133
-0.0249407428372
-0.0241903559275
-0.0234338962797
-0.0226714168781
-0.0219029711909
-0.0211286131635
-0.0203483972167
-0.0195623782363
-0.0187706115712
-0.0179731530258
-0.0171700588566
-0.0163613857637
-0.0155471908884
-0.0147275318055
-0.0139024665181
-0.0130720534527
-0.0122363514525
-0.0113954197727
-0.0105493180737
-0.00969810641753
-0.00884184525938
-0.00798059544396
-0.00711441819872
-0.00624337512886
-0.00536752821083
-0.00448693978711
-0.00360167256027
-0.00271178958731
-0.00181735427353
-0.000918430367142
-1.50819533152e-05
0.000892626551695
0.0018046304063
0.00272086454937
0.00364126360617
0.00456576189376
0.0054942934278
0.00642679192715
0.00736319082063
0.00830342325238
0.00924742208812
0.0101951199203
0.0111464490745
0.0121013416158
0.0130597293529
0.014021543846
0.0149867164109
0.0159551781263
0.0169268598376
0.0179016921665
0.018879605512
0.01986053006
0.0208443957872
0.0218311324677
0.0228206696785
0.0238129368048
0.0248078630473
0.0258053774269
0.0268054087902
0.0278078858147
0.0288127370185
0.0298198907603
0.0308292752495
0.0318408185493
0.0328544485851
0.0338700931457
0.0348876798957
0.0359071363745
0.0369283900064
0.0379513681041
0.0389759978752
0.0400022064276
0.0410299207732
0.0420590678407
0.0430895744703
0.0441213674281
0.0451543734065
0.0461885190343
0.0472237308766
0.0482599354451
0.0492970592011
0.0503350285638
0.0513737699097
0.0524132095847
0.053453273907
0.0544938891706
0.0555349816544
0.0565764776233
0.0576183033384
0.0586603850538
0.0597026490368
0.0607450215565
0.0617874289004
0.0628297973738
0.0638720533096
0.0649141230673
0.0659559330442
0.0669974096788
0.0680384794533
0.069079068902
0.0701191046132
0.0711585132387
0.0721972214894
0.073235156159
0.0742722441049
0.0753084122717
0.0763435876865
0.0773776974696
0.0784106688336
0.0794424290912
0.080472905662
0.0815020260748
0.0825297179714
0.08355590911
0.0845805273795
0.0856035007908
0.0866247574914
0.0876442257623
0.0886618340323
0.0896775108674
0.0906911849959
0.0917027852932
0.092712240798
0.0937194807126
0.0947244344084
0.0957270314288
0.0967272014911
0.097724874504
0.0987199805522
0.0997124499154
0.100702213064
0.101689200671
0.102673343603
0.103654572947
0.104632819988
0.105608016232
0.1065800934
0.107548983438
0.108514618516
0.109476931034
0.110435853628
0.11139131917
0.112343260776
0.113291611798
0.114236305854
0.115177276797
0.116114458749
0.117047786081
0.117977193439
0.118902615723
0.119823988112
0.120741246057
0.121654325286
0.122563161806
0.123467691909
0.124367852175
0.125263579465
0.126154810954
0.127041484094
0.127923536647
0.128800906672
0.129673532543
0.130541352931
0.131404306828
0.132262333542
0.133115372693
0.133963364226
0.134806248406
0.135643965832
0.136476457421
0.137303664433
0.138125528456
0.138941991423
0.139752995591
0.140558483582
0.141358398346
0.142152683189
0.142941281765
0.143724138081
0.144501196498
0.145272401731
0.146037698868
0.146797033345
0.147550350971
0.148297597914
0.149038720722
0.149773666295
0.150502381932
0.151224815286
0.151940914397
0.15265062768
0.153353903936
0.154050692343
0.154740942463
0.155424604259
0.156101628065
0.156771964617
0.157435565036
0.158092380842
0.158742363947
0.159385466662
0.160021641695
0.160650842161
0.161273021563
0.161888133822
0.162496133257
0.163096974593
0.163690612965
0.164277003915
0.164856103397
0.165427867767
0.165992253815
0.166549218725
0.167098720105
0.167640715976
0.168175164783
0.168702025375
0.169221257038
0.169732819468
0.170236672786
0.170732777533
0.171221094675
0.171701585604
0.172174212128
0.172638936494
0.173095721364
0.17354452984
0.173985325429
0.174418072096
0.174842734215
0.175259276595
0.175667664476
0.176067863533
0.176459839862
0.176843559996
0.177218990907
0.177586099989
0.177944855078
0.178295224433
0.178637176761
0.17897068118
0.179295707273
0.179612225031
0.179920204892
0.180219617726
0.180510434839
0.180792627968
0.181066169284
0.181331031406
0.181587187371
0.181834610663
0.18207327519
0.182303155307
0.182524225791
0.182736461864
0.182939839173
0.183134333811
0.183319922287
0.183496581563
0.183664289022
0.183823022482
0.183972760196
0.184113480848
0.184245163555
0.184367787852
0.184481333733
0.184585781595
0.184681112281
0.184767307053
0.184844347614
0.184912216076
0.184970894999
0.185020367358
0.185060616557
0.185091626427
0.185113381221
0.185125865618
0.18512906471
0.185122964038
0.185107549535
0.185082807572
0.185048724932
0.185005288823
0.184952486866
0.1848903071
0.184818737981
0.184737768386
0.184647387594
0.184547585304
0.18443835163
0.184319677092
0.184191552625
0.184053969565
0.183906919665
0.183750395069
0.183584388351
0.183408892467
0.183223900786
0.183029407076
0.182825405509
0.18261189065
0.182388857462
0.182156301314
0.181914217962
0.181662603557
0.181401454641
0.181130768154
0.180850541409
0.180560772135
0.180261458421
0.179952598756
0.179634192006
0.179306237425
0.178968734643
0.178621683669
0.178265084895
0.177898939086
0.177523247381
0.177138011286
0.176743232694
0.176338913854
0.17592505739
0.175501666287
0.175068743903
0.174626293943
0.174174320495
0.173712827991
0.173241821228
0.172761305355
0.172271285879
0.171771768658
0.171262759892
0.170744266154
0.17021629434
0.169678851703
0.169131945836
0.168575584678
0.168009776501
0.16743452992
0.166849853885
0.166255757684
0.165652250927
0.165039343565
0.164417045875
0.163785368455
0.163144322238
0.162493918469
0.161834168724
0.16116508488
0.160486679157
0.159798964068
0.159101952449
0.158395657443
0.157680092508
0.156955271397
0.156221208176
0.155477917217
0.154725413185
0.153963711047
0.153192826066
0.152412773802
0.151623570095
0.150825231101
0.150017773237
0.149201213222
0.148375568052
0.147540855012
0.146697091659
0.14584429583
0.14498248564
0.144111679477
0.143231895999
0.142343154128
0.141445473066
0.140538872268
0.139623371458
0.138698990616
0.137765749987
0.13682367006
0.135872771595
0.134913075591
0.133944603301
0.132967376225
0.13198141611
0.130986744944
0.129983384952
0.128971358611
0.127950688621
0.126921397923
0.125883509688
0.124837047319
0.123782034441
0.122718494917
0.12164645282
0.120565932452
0.119476958332
0.118379555195
0.117273747993
0.116159561885
0.115037022247
0.11390615466
0.112766984913
0.111619538988
0.110463843086
0.109299923594
0.108127807101
0.106947520389
0.105759090437
0.104562544405
0.103357909651
0.102145213714
0.100924484318
0.0996957493705
0.098459036954
0.0972143753332
0.0959617929393
0.0947013183914
0.0934329804647
0.0921568081109
0.0908728304442
0.0895810767468
0.0882815764574
0.0869743591796
0.0856594546738
0.0843368928543
0.0830067037896
0.0816689176983
0.0803235649506
0.0789706760597
0.077610281688
0.0762424126365
0.0748670998514
0.0734843744091
0.072094267533
0.0706968105723
0.0692920350119
0.0678799724652
0.0664606546749
0.0650341135074
0.063600380952
0.0621594891242
0.0607114702541
0.0592563566916
0.0577941808997
0.0563249754578
0.054848773051
0.0533656064811
0.0518755086502
0.0503785125687
0.0488746513488
0.0473639582042
0.045846466447
0.0443222094848
0.0427912208229
0.0412535340575
0.0397091828764
0.0381582010535
0.0366006224544
0.0350364810256
0.0334658107983
0.0318886458832
0.0303050204718
0.0287149688301
0.0271185253015
0.0255157243011
0.0239066003156
0.022291187901
0.0206695216802
0.0190416363421
0.0174075666377
0.0157673473821
0.0141210134478
0.0124685997663
0.0108101413247
0.00914567316444
0.00747523037878
0.005798848112
0.00411656155662
0.00242840595196
0.000734416582256
-0.000965371225108
-0.00267092210145
-0.00438220063846
-0.00609917139025
-0.00782179887476
-0.00955004757611
-0.0112838819451
-0.013023266403
-0.0147681653414
-0.0165185431248
-0.0182743640922
-0.0200355925592
-0.0218021928185
-0.0235741291427
-0.0253513657865
-0.0271338669866
-0.028921596965
-0.0307145199292
-0.032512600076
-0.0343158015889
-0.0361240886473
-0.037937425419
-0.0397557760688
-0.0415791047563
-0.0434073756399
-0.0452405528757
-0.0470786006206
-0.0489214830369
-0.0507691642873
-0.0526216085416
-0.0544787799752
-0.0563406427747
-0.0582071611331
-0.060078299258
-0.0619540213676
-0.0638342916981
-0.0657190744957
-0.0676083340305
-0.0695020345877
-0.0714001404735
-0.0733026160168
-0.0752094255685
-0.0771205335055
-0.0790359042253
-0.0809555021631
-0.0828792917735
-0.0848072375461
-0.0867393039988
-0.0886754556868
-0.0906156571922
-0.0925598731412
-0.094508068191
-0.0964602070392
-0.0984162544224
-0.100376175117
-0.102339933944
-0.104307495759
-0.10627882548
-0.108253888052
-0.110232648477
-0.112215071802
-0.114201123126
-0.116190767596
-0.118183970412
-0.120180696825
-0.122180912147
-0.124184581735
-0.126191671008
-0.128202145447
-0.130215970584
-0.132233112016
-0.134253535398
-0.136277206452
-0.13830409095
-0.14033415475
-0.142367363756
-0.144403683948
-0.14644308137
-0.148485522139
-0.150530972433
-0.152579398507
-0.15463076669
-0.156685043377
-0.158742195042
-0.160802188227
-0.162864989559
-0.164930565729
-0.166998883518
-0.169069909775
-0.17114361144
-0.173219955516
-0.175298909104
-0.177380439379
-0.1794645136
-0.181551099108
-0.183640163334
-0.185731673789
-0.187825598065
-0.18992190386
-0.19202055894
-0.194121531173
-0.196224788506
-0.198330298989
-0.200438030744
-0.20254795201
-0.204660031097
-0.206774236422
-0.208890536489
-0.211008899899
-0.213129295351
-0.215251691626
-0.217376057634
-0.219502362349
-0.221630574864
-0.223760664359
-0.225892600125
-0.228026351544
-0.230161888102
-0.232299179388
-0.234438195098
-0.236578905017
-0.238721279046
-0.240865287189
-0.243010899548
-0.245158086341
-0.24730681788
-0.249457064596
-0.251608797003
-0.25376198576
-0.255916601604
-0.258072615392
-0.260229998086
-0.262388720768
-0.264548754612
-0.266710070916
-0.26887264109
-0.27103643665
-0.273201429227
-0.27536759056
-0.277534892509
-0.279703307027
-0.281872806221
-0.28404336227
-0.286214947493
-0.288387534312
-0.290561095273
-0.292735603032
-0.294911030356
-0.297087350142
-0.299264535398
-0.301442559247
-0.30362139492
-0.305801015793
-0.307981395334
-0.310162507147
-0.312344324939
-0.314526822556
-0.316709973931
-0.31889375316
-0.321078134424
-0.323263092042
-0.325448600447
-0.327634634195
-0.329821167963
-0.332008176534
-0.334195634851
-0.336383517939
-0.338571800967
-0.340760459212
-0.342949468091
-0.345138803115
-0.347328439959
-0.349518354381
-0.351708522288
-0.353898919696
-0.356089522751
-0.358280307721
-0.36047125099
-0.36266232908
-0.364853518627
-0.3670447964
-0.369236139261
-0.37142752425
-0.373618928487
-0.375810329235
-0.378001703871
-0.380193029915
-0.382384284982
-0.384575446839
-0.386766493367
-0.38895740257
-0.391148152582
-0.393338721653
-0.395529088172
-0.397719230616
-0.399909127653
-0.402098758013
-0.404288100583
-0.406477134361
-0.408665838484
-0.410854192199
-0.413042174878
-0.415229766028
-0.417416945282
-0.419603692384
-0.421789987201
-0.423975809749
-0.426161140141
-0.428345958637
-0.430530245597
-0.432713981534
-0.434897147039
-0.437079722888
-0.439261689934
-0.441443029171
-0.443623721716
-0.445803748811
-0.447983091815
-0.4501617322
-0.452339651599
-0.454516831729
-0.456693254451
-0.458868901733
-0.461043755689
-0.463217798511
-0.465391012579
-0.467563380334
-0.469734884375
-0.471905507407
-0.474075232261
-0.476244041892
-0.478411919359
-0.480578847867
-0.482744810728
-0.484909791382
-0.487073773355
-0.489236740354
-0.491398676158
-0.493559564686
-0.49571938996
-0.49787813615
-0.500035787501
-0.502192328418
-0.504347743405
-0.506502017084
-0.508655134202
-0.510807079615
-0.512957838307
-0.515107395341
-0.517255735972
-0.519402845499
-0.521548709375
-0.523693313148
-0.525836642507
-0.527978683218
-0.530119421201
-0.532258842471
-0.534396933162
-0.536533679519
-0.538669067896
-0.540803084777
-0.542935716729
-0.545066950467
-0.547196772789
-0.549325170636
-0.551452131002
-0.553577641073
-0.555701688085
-0.557824259408
-0.559945342514
-0.562064925
-0.564182994549
-0.566299538957
-0.568414546157
-0.570528004158
-0.572639901098
-0.574750225199
-0.576858964824
-0.578966108383
-0.581071644483
-0.583175561754
-0.585277848976
-0.587378495016
-0.589477488859
-0.591574819578
-0.593670476347
-0.595764448487
-0.597856725371
-0.5999472965
-0.602036151462
-0.604123279972
-0.606208671812
-0.608292316897
-0.610374205216
-0.612454326895
-0.614532672099
-0.616609231159
-0.618683994464
-0.620756952512
-0.622828095905
-0.624897415333
-0.626964901594
-0.629030545539
-0.631094338203
-0.633156270635
-0.635216334022
-0.637274519619
-0.639330818811
-0.641385223022
-0.643437723831
-0.645488312872
-0.647536981883
-0.649583722693
-0.651628527218
-0.653671387478
-0.65571229555
-0.65775124365
-0.659788224044
-0.661823229123
-0.663856251298
-0.665887283165
-0.667916317336
-0.669943346539
-0.671968363574
-0.673991361352
-0.676012332835
-0.678031271086
-0.680048169272
-0.682063020614
-0.684075818444
-0.686086556147
-0.688095227229
-0.690101825208
-0.692106343792
-0.694108776675
-0.696109117678
-0.698107360685
-0.700103499678
-0.70209752869
-0.704089441844
-0.706079233371
-0.708066897541
-0.710052428719
-0.712035821333
-0.714017069915
-0.71599616903
-0.717973113362
-0.719947897633
-0.721920516686
-0.723890965361
-0.725859238657
-0.727825331592
-0.72978923927
-0.731750956872
-0.733710479645
-0.73566780291
-0.737622922021
-0.739575832481
-0.741526529791
-0.743475009557
-0.745421267425
-0.74736529915
-0.749307100486
-0.751246667337
-0.75318399561
-0.755119081306
-0.757051920482
-0.758982509261
-0.760910843831
-0.762836920407
-0.764760735361
-0.766682285028
-0.768601565858
-0.770518574332
-0.772433307031
-0.774345760551
-0.776255931574
-0.778163816829
-0.780069413134
-0.781972717309
-0.783873726274
-0.785772437003
-0.787668846508
-0.78956295188
-0.791454750239
-0.793344238792
-0.795231414729
-0.797116275412
-0.798998818151
-0.80087904036
-0.802756939483
-0.804632513044
-0.806505758573
-0.808376673682
-0.810245256043
-0.812111503353
-0.813975413371
-0.81583698389
-0.817696212779
-0.819553097884
-0.82140763723
-0.823259828753
-0.825109670512
-0.826957160577
-0.828802297091
-0.830645078216
-0.832485502157
-0.834323567182
-0.8361592716
-0.837992613749
-0.839823591984
-0.841652204775
-0.843478450563
-0.845302327871
-0.847123835223
-0.848942971236
-0.850759734479
-0.85257412367
-0.854386137477
-0.856195774646
-0.858003033947
-0.859807914192
-0.861610414223
-0.863410532884
-0.865208269149
-0.867003621928
-0.868796590214
-0.870587173004
-0.87237536937
-0.874161178338
-0.875944599078
-0.877725630691
-0.879504272366
-0.881280523293
-0.883054382705
-0.884825849863
-0.886594924032
-0.88836160455
-0.890125890747
-0.89188778201
-0.893647277672
-0.895404377231
-0.897159080089
-0.898911385733
-0.900661293641
-0.902408803362
-0.904153914398
-0.905896626334
-0.907636938762
-0.909374851286
-0.911110363544
-0.912843475176
-0.914574185874
-0.916302495268
-0.918028403161
-0.919751909225
-0.92147301323
-0.923191714928
-0.924908014128
-0.926621910615
-0.928333404199
-0.930042494723
-0.931749182052
-0.933453466039
-0.93515534654
-0.936854823488
-0.93855189677
-0.940246566327
-0.941938832069
-0.943628693979
-0.94531615195
-0.947001206022
-0.94868385614
-0.950364102307
-0.95204194452
-0.953717382803
-0.955390417167
-0.957061047613
-0.958729274232
-0.960395097039
-0.962058516104
-0.963719531463
-0.965378143217
-0.967034351375
-0.968688156094
-0.970339557406
-0.971988555422
-0.973635150225
-0.975279341917
-0.976921130602
-0.978560516353
-0.980197499305
-0.981832079558
-0.983464257234
-0.985094032384
-0.98672140519
-0.988346375728
-0.989968944124
-0.991589110469
-0.993206874908
-0.994822237499
-0.996435198382
-0.998045757657
-0.999653915421
-1.00125967178
-1.00286302683
-1.00446398067
-1.00606253332
-1.00765868496
-1.00925243562
-1.01084378538
-1.0124327343
-1.01401928246
-1.01560342986
-1.0171851766
-1.01876452271
-1.02034146821
-1.02191601313
-1.02348815748
-1.02505790128
-1.02662524449
-1.02819018713
-1.02975272915
-1.03131287055
-1.03287061122
-1.03442595117
-1.0359788903
-1.03752942853
-1.03907756577
-1.04062330193
-1.04216663686
-1.04370757042
-1.04524610249
-1.0467822329
-1.04831596149
-1.04984728803
-1.05137621236
-1.05290273418
-1.05442685334
-1.05594856953
-1.05746788249
-1.05898479194
-1.06049929756
-1.06201139903
-1.06352109597
-1.06502838809
-1.06653327496
-1.06803575619
-1.06953583135
-1.07103350002
-1.07252876171
-1.07402161596
-1.07551206225
-1.07700010009
-1.07848572886
-1.07996894807
-1.08144975709
-1.0829281553
-1.0844041421
-1.0858777168
-1.08734887874
-1.08881762714
-1.09028396136
-1.0917478806
-1.09320938409
-1.094668471
-1.09612514054
-1.09757939179
-1.09903122391
-1.10048063597
-1.10192762705
-1.10337219617
-1.10481434234
-1.10625406455
-1.10769136171
-1.10912623279
-1.11055867665
-1.1119886922
-1.11341627819
-1.11484143351
-1.1162641569
-1.11768444711
-1.11910230286
-1.12051772284
-1.12193070569
-1.12334125002
-1.12474935445
-1.12615501753
-1.12755823779
-1.12895901371
-1.13035734378
-1.13175322636
-1.13314665995
-1.13453764283
-1.13592617337
-1.13731224985
-1.13869587054
-1.14007703366
-1.14145573737
-1.14283197988
-1.14420575929
-1.14557707369
-1.14694592111
-1.1483122996
-1.1496762071
-1.15103764158
-1.15239660091
-1.15375308301
-1.15510708564
-1.15645860665
-1.15780764377
-1.15915419473
-1.1604982572
-1.16183982883
-1.16317890723
-1.16451548991
-1.16584957446
-1.16718115833
-1.16851023899
-1.16983681381
-1.17116088021
-1.17248243544
-1.17380147685
-1.17511800165
-1.17643200707
-1.17774349026
-1.17905244834
-1.18035887841
-1.18166277743
-1.18296414252
-1.18426297055
-1.18555925848
-1.18685300313
-1.18814420139
-1.18943285
-1.19071894571
-1.19200248522
-1.19328346522
-1.19456188227
-1.19583773295
-1.19711101382
-1.19838172132
-1.19964985192
-1.200915402
-1.20217836792
-1.20343874592
-1.20469653236
-1.20595172338
-1.20720431518
-1.20845430386
-1.20970168554
-1.2109464562
-1.21218861184
-1.21342814842
-1.21466506183
-1.21589934791
-1.21713100246
-1.21836002125
-1.21958639991
-1.22081013423
-1.22203121974
-1.22324965203
-1.22446542661
-1.22567853898
-1.22688898453
-1.22809675864
-1.22930185665
-1.23050427385
-1.23170400547
-1.23290104665
-1.2340953926
-1.23528703835
-1.23647597898
-1.23766220945
-1.23884572474
-1.24002651967
-1.24120458917
-1.24237992799
-1.24355253089
-1.24472239255
-1.24588950765
-1.24705387076
-1.2482154764
-1.24937431914
-1.25053039339
-1.25168369355
-1.25283421397
-1.25398194897
-1.25512689273
-1.25626903953
-1.25740838347
-1.25854491868
-1.2596786392
-1.26080953901
-1.26193761207
-1.26306285226
-1.26418525344
-1.2653048094
-1.26642151391
-1.26753536057
-1.26864634312
-1.26975445512
-1.2708596901
-1.27196204155
-1.27306150293
-1.27415806758
-1.27525172886
-1.27634248005
-1.27743031438
-1.27851522505
-1.27959720516
-1.28067624781
-1.28175234595
-1.28282549268
-1.28389568083
-1.2849629033
-1.2860271529
-1.28708842241
-1.28814670454
-1.28920199194
-1.29025427721
-1.29130355296
-1.29234981166
-1.29339304573
-1.29443324764
-1.2954704097
-1.29650452424
-1.29753558348
-1.29856357965
-1.29958850482
-1.30061035117
-1.30162911069
-1.30264477538
-1.30365733717
-1.30466678796
-1.30567311958
-1.30667632375
-1.30767639229
-1.30867331682
-1.309667089
-1.31065770035
-1.31164514246
-1.3126294067
-1.3136104846
-1.31458836745
-1.31556304659
-1.31653451328
-1.31750275873
-1.31846777411
-1.31942955049
-1.32038807895
-1.3213433505
-1.3222953561
-1.32324408658
-1.32418953288
-1.32513168575
-1.32607053595
-1.32700607417
-1.32793829108
-1.32886717721
-1.32979272316
-1.3307149194
-1.33163375636
-1.33254922446
-1.33346131402
-1.33437001534
-1.33527531857
-1.33617721404
-1.33707569179
-1.33797074194
-1.3388623545
-1.33975051949
-1.3406352268
-1.34151646633
-1.34239422794
-1.34326850139
-1.34413927643
-1.34500654272
-1.34587028993
-1.34673050759
-1.34758718529
-1.34844031248
-1.34928987865
-1.35013587309
-1.35097828523
-1.35181710432
-1.35265231961
-1.35348392028
-1.35431189551
-1.35513623436
-1.35595692585
-1.35677395905
-1.35758732286
-1.35839700621
-1.35920299792
-1.36000528685
-1.36080386166
-1.36159871119
-1.36238982401
-1.36317718879
-1.36396079406
-1.36474062839
-1.36551668021
-1.36628893793
-1.36705739001
-1.36782202474
-1.36858283043
-1.3693397953
-1.37009290758
-1.37084215538
-1.37158752685
-1.37232901002
-1.37306659295
-1.37380026354
-1.37453000977
-1.37525581952
-1.37597768061
-1.37669558085
-1.37740950798
-1.37811944973
-1.37882539367
-1.37952732754
-1.38022523885
-1.38091911514
-1.38160894389
-1.38229471259
-1.38297640856
-1.38365401922
-1.38432753187
-1.3849969338
-1.38566221224
-1.38632335437
-1.38698034736
-1.38763317828
-1.38828183424
-1.38892630224
-1.38956656931
-1.3902026223
-1.39083444822
-1.39146203389
-1.39208536614
-1.39270443175
-1.39331921751
-1.39392971007
-1.39453589611
-1.39513776229
-1.39573529518
-1.39632848137
-1.39691730732
-1.39750175958
-1.39808182448
-1.39865748855
-1.39922873809
-1.39979555944
-1.4003579389
-1.40091586274
-1.40146931715
-1.40201828832
-1.40256276244
-1.4031027256
-1.4036381639
-1.40416906335
-1.40469541001
-1.40521718981
-1.40573438874
-1.40624699266
-1.40675498752
-1.40725835907
-1.40775709319
-1.40825117565
-1.40874059218
-1.40922532852
-1.40970537034
-1.41018070331
-1.41065131298
-1.41111718504
-1.411578305
-1.41203465842
-1.41248623075
-1.41293300753
-1.41337497412
-1.41381211601
-1.41424441854
-1.41467186708
-1.41509444698
-1.41551214351
-1.41592494197
-1.41633282753
-1.41673578554
-1.4171338011
-1.41752685942
-1.41791494561
-1.41829804483
-1.41867614213
-1.41904922259
-1.41941727125
-1.41978027316
-1.42013821326
-1.42049107655
-1.42083884798
-1.42118151247
-1.42151905494
-1.42185146025
-1.42217871329
-1.42250079881
-1.42281770175
-1.42312940683
-1.42343589885
-1.42373716255
-1.42403318271
-1.42432394399
-1.4246094311
-1.42488962875
-1.42516452159
-1.42543409427
-1.4256983314
-1.42595721762
-1.42621073743
-1.42645887555
-1.42670161644
-1.42693894469
-1.42717084481
-1.42739730134
-1.42761829876
-1.42783382154
-1.42804385418
-1.42824838116
-1.4284473869
-1.4286408558
-1.42882877235
-1.42901112092
-1.42918788595
-1.42935905178
-1.42952460285
-1.42968452343
-1.42983879799
-1.42998741081
-1.43013034626
-1.43026758867
-1.43039912237
-1.43052493167
-1.43064500083
-1.43075931425
-1.43086785617
-1.4309706109
-1.4310675627
-1.43115869589
-1.43124399471
-1.43132344345
-1.43139702635
-1.43146472774
-1.4315265318
-1.43158242283
-1.43163238509
-1.43167640282
-1.43171446029
-1.43174654174
-1.43177263146
-1.4317927136
-1.43180677253
-1.43181479244
-1.43181675762
-1.43181265229
-1.43180246076
-1.43178616723
-1.431763756
-1.43173521135
-1.43170051753
-1.43165965884
-1.43161261954
-1.43155938395
-1.43149993628
-1.43143426095
-1.43136234219
-1.43128416435
-1.43119971173
-1.43110896868
-1.43101191953
-1.43090854861
-1.4307988403
-1.43068277897
-1.430560349
-1.43043153473
-1.43029632063
-1.43015469107
-1.43000663051
-1.42985212335
-1.4296911541
-1.42952370713
-1.42934976702
-1.4291693182
-1.42898234521
-1.42878883257
-1.42858876484
-1.42838212656
-1.42816890226
-1.42794907662
-1.42772263421
-1.42748955968
-1.42724983764
-1.42700345283
-1.42675038983
-1.42649063347
-1.42622416842
-1.42595097945
-1.42567105133
-1.42538436887
-1.4250909169
-1.42479068022
-1.42448364374
-1.42416979236
-1.423849111
-1.42352158453
-1.42318719802
-1.42284593643
-1.42249778479
-1.42214272815
-1.42178075162
-1.42141184024
-1.42103597922
-1.4206531537
-1.42026334888
-1.41986655001
-1.41946274234
-1.41905191118
-1.41863404177
-1.4182091196
-1.41777712998
-1.41733805837
-1.41689189021
-1.41643861103
-1.4159782063
-1.41551066162
-1.41503596262
-1.41455409492
-1.4140650442
-1.41356879616
-1.4130653366
-1.41255465125
-1.41203672599
-1.41151154667
-1.41097909925
-1.41043936959
-1.40989234379
-1.40933800783
-1.40877634782
-1.40820734986
-1.40763100016
-1.40704728491
-1.40645619032
-1.40585770278
-1.40525180859
-1.40463849418
-1.40401774595
-1.40338955044
-1.4027538941
-1.40211076363
-1.4014601456
-1.40080202672
-1.40013639371
-1.39946323339
-1.39878253257
-1.39809427813
-1.39739845703
-1.39669505627
-1.39598406291
-1.39526546398
-1.39453924673
-1.39380539831
-1.39306390603
-1.39231475717
-1.39155793917
-1.39079343939
-1.39002124538
-1.38924134467
-1.38845372488
-1.38765837368
-1.38685527881
-1.38604442805
-1.3852258092
-1.38439941027
-1.38356521917
-1.38272322396
-1.38187341272
-1.38101577365
-1.38015029491
-1.37927696486
-1.37839577182
-1.37750670423
-1.37660975058
-1.3757048994
-1.37479213935
-1.37387145906
-1.37294284734
-1.372006293
-1.37106178496
-1.37010931209
-1.36914886354
-1.36818042836
-1.36720399574
-1.36621955492
-1.36522709525
-1.36422660609
-1.36321807691
-1.36220149727
-1.36117685678
-1.36014414514
-1.35910335209
-1.35805446753
-1.35699748127
-1.35593238343
-1.35485916401
-1.35377781319
-1.35268832118
-1.35159067832
-1.35048487497
-1.34937090159
-1.34824874877
-1.34711840712
-1.34597986736
-1.34483312027
-1.34367815676
-1.34251496774
-1.3413435443
-1.34016387753
-1.3389759587
-1.33777977902
-1.33657532995
-1.33536260293
-1.33414158952
-1.33291228137
-1.33167467021
-1.33042874787
-1.3291745062
-1.32791193728
-1.32664103316
-1.32536178602
-1.32407418812
-1.32277823185
-1.32147390959
-1.32016121396
-1.31884013755
-1.31751067312
-1.31617281347
-1.31482655153
-1.31347188031
-1.31210879285
-1.31073728247
-1.30935734238
-1.30796896602
-1.30657214684
-1.30516687848
-1.30375315457
-1.30233096892
-1.3009003154
-1.29946118803
-1.29801358083
-1.29655748801
-1.29509290387
-1.29361982276
-1.29213823921
-1.29064814776
-1.28914954314
-1.28764242006
-1.28612677352
-1.28460259846
-1.28306989
-1.28152864333
-1.2799788538
-1.27842051678
-1.27685362781
-1.27527818254
-1.27369417669
-1.27210160612
-1.27050046676
-1.2688907547
-1.26727246606
-1.26564559717
-1.26401014437
-1.26236610422
-1.26071347323
-1.25905224821
-1.25738242594
-1.25570400337
-1.25401697756
-1.25232134568
-1.250617105
-1.24890425286
-1.24718278684
-1.24545270452
-1.24371400365
-1.24196668204
-1.2402107377
-1.23844616863
-1.23667297311
-1.2348911494
-1.23310069593
-1.23130161126
-1.22949389403
-1.22767754303
-1.22585255709
-1.22401893534
-1.22217667683
-1.22032578085
-1.21846624673
-1.21659807401
-1.21472126227
-1.21283581124
-1.21094172077
-1.20903899087
-1.20712762157
-1.20520761314
-1.2032789659
-1.20134168031
-1.19939575697
-1.19744119657
-1.19547799997
-1.19350616806
-1.191525702
-1.18953660295
-1.18753887226
-1.18553251136
-1.18351752186
-1.18149390543
-1.17946166392
-1.17742079931
-1.17537131365
-1.17331320919
-1.17124648823
-1.16917115328
-1.16708720685
-1.16499465178
-1.16289349085
-1.16078372706
-1.15866536351
-1.15653840346
-1.15440285026
-1.1522587074
-1.15010597852
-1.14794466739
-1.14577477789
-1.14359631401
-1.14140927995
-1.13921367996
-1.13700951848
-1.13479680002
-1.13257552931
-1.13034571109
-1.12810735037
-1.12586045218
-1.12360502176
-1.12134106443
-1.11906858569
-1.11678759112
-1.11449808644
-1.1122000776
-1.10989357056
-1.10757857149
-1.10525508663
-1.10292312245
-1.10058268543
-1.09823378233
-1.09587641991
-1.09351060517
-1.09113634518
-1.08875364717
-1.08636251851
-1.08396296667
-1.08155499932
-1.07913862423
-1.07671384931
-1.07428068254
-1.0718391322
-1.06938920656
-1.0669309141
-1.06446426338
-1.06198926318
-1.05950592231
-1.05701424982
-1.05451425485
-1.05200594668
-1.04948933473
-1.04696442857
-1.04443123789
-1.04188977248
-1.03934004241
-1.03678205773
-1.03421582871
-1.03164136573
-1.02905867935
-1.02646778021
-1.02386867912
-1.02126138702
-1.01864591504
-1.01602227436
-1.01339047634
-1.01075053251
-1.00810245451
-1.00544625413
-1.00278194327
-1.00010953402
-0.997429038528
-0.9947404692
-0.992043838479
-0.989339158997
-0.986626443507
-0.983905704924
-0.98117695627
-0.978440210706
-0.975695481593
-0.972942782364
-0.97018212663
-0.967413528108
-0.964637000706
-0.961852558376
-0.959060215358
-0.956259985892
-0.953451884436
-0.950635925554
-0.947812123972
-0.944980494539
-0.942141052226
-0.939293812189
-0.936438789697
-0.933576000168
-0.930705459101
-0.927827182247
-0.924941185402
-0.92204748455
-0.919146095772
-0.916237035348
-0.913320319611
-0.910395965121
-0.907463988524
-0.904524406618
-0.901577236347
-0.898622494778
-0.895660199135
-0.892690366719
-0.889713015089
-0.88672816183
-0.883735824719
-0.880736021641
-0.87772877066
-0.874714089909
-0.871691997736
-0.868662512578
-0.865625653025
-0.862581437795
-0.859529885744
-0.856471015878
-0.8534048473
-0.850331399304
-0.847250691272
-0.84416274277
-0.841067573409
-0.837965203062
-0.834855651638
-0.831738939224
-0.828615086022
-0.825484112397
-0.822346038805
-0.819200885857
-0.816048674322
-0.812889425064
-0.80972315911
-0.806549897589
-0.803369661803
-0.800182473109
-0.796988353121
-0.793787323469
-0.790579405976
-0.787364622571
-0.784142995337
-0.780914546454
-0.777679298249
-0.774437273212
-0.771188493915
-0.767932983084
-0.764670763558
-0.761401858333
-0.758126290496
-0.754844083299
-0.751555260089
-0.748259844389
-0.744957859771
-0.741649330022
-0.738334279
-0.735012730706
-0.731684709272
-0.728350238948
-0.725009344118
-0.721662049248
-0.718308379019
-0.714948358155
-0.711582011544
-0.708209364171
-0.704830441186
-0.701445267795
-0.698053869408
-0.694656271496
-0.691252499683
-0.687842579701
-0.684426537407
-0.681004398781
-0.677576189888
-0.674141937006
-0.670701666433
-0.667255404639
-0.663803178187
-0.660345013788
-0.65688093824
-0.653410978474
-0.649935161532
-0.646453514596
-0.64296606492
-0.639472839904
-0.63597386707
-0.632469174031
-0.628958788538
-0.625442738431
-0.621921051696
-0.618393756365
-0.61486088069
-0.61132245294
-0.607778501542
-0.604229055015
-0.60067414201
-0.597113791256
-0.593548031612
-0.58997689206
-0.586400401667
-0.582818589618
-0.579231485196
-0.575639117814
-0.572041516954
-0.568438712246
-0.564830733392
-0.561217610235
-0.557599372663
-0.55397605074
-0.550347674585
-0.546714274435
-0.543075880631
-0.539432523617
-0.535784233933
-0.532131042199
-0.528472979191
-0.524810075733
-0.521142362776
-0.517469871347
-0.513792632604
-0.510110677747
-0.506424038145
-0.502732745205
-0.499036830459
-0.495336325524
-0.491631262114
-0.487921672037
-0.484207587172
-0.480489039549
-0.47676606123
-0.4730386844
-0.469306941317
-0.465570864354
-0.461830485944
-0.458085838628
-0.454336955025
-0.450583867864
-0.446826609924
-0.4430652141
-0.439299713367
-0.435530140776
-0.431756529477
-0.427978912688
-0.42419732373
-0.420411795964
-0.416622362901
-0.412829058076
-0.409031915131
-0.405230967776
-0.401426249817
-0.397617795113
-0.393805637623
-0.38998981138
-0.386170350487
-0.382347289128
-0.378520661557
-0.374690502112
-0.370856845177
-0.367019725267
-0.36317917691
-0.359335234739
-0.355487933442
-0.351637307795
-0.347783392627
-0.343926222839
-0.340065833408
-0.33620225938
-0.332335535858
-0.328465698006
-0.324592781081
-0.320716820377
-0.31683785127
-0.312955909185
-0.309071029628
-0.305183248135
-0.301292600346
-0.297399121928
-0.293502848624
-0.28960381623
-0.285702060604
-0.281797617658
-0.277890523353
-0.273980813733
-0.27006852487
-0.266153692904
-0.262236354021
-0.258316544471
-0.254394300536
-0.250469658583
-0.246542654996
-0.242613326232
-0.238681708784
-0.234747839202
-0.230811754079
-0.226873490052
-0.222933083815
-0.218990572099
-0.215045991685
-0.211099379382
-0.207150772072
-0.203200206654
-0.199247720081
-0.195293349339
-0.191337131466
-0.187379103522
-0.183419302621
-0.179457765909
-0.175494530569
-0.171529633821
-0.167563112919
-0.163595005154
-0.15962534784
-0.155654178349
-0.151681534059
-0.147707452394
-0.143731970803
-0.13975512677
-0.135776957802
-0.131797501437
-0.12781679524
-0.123834876808
-0.119851783755
-0.115867553723
-0.111882224384
-0.107895833427
-0.103908418568
-0.0999200175394
-0.0959306681028
-0.0919404080284
-0.0879492751201
-0.0839573071896
-0.0799645420711
-0.0759710176147
-0.0719767716879
-0.0679818421717
-0.0639862669614
-0.0599900839706
-0.055993331121
-0.0519960463492
-0.0479982676012
-0.0440000328362
-0.0400013800189
-0.0360023471292
-0.0320029721495
-0.0280032930725
-0.0240033478962
-0.0200031746251
-0.0160028112681
-0.0120022958377
-0.00800166635086
-0.00400096082615
-2.17283955761e-07
