0.0
0.00400073317975
0.00800143039201
0.0120020031632
0.0160022793511
0.0200024071777
0.0240025519103
0.0280025858064
0.0320023813036
0.0360019043265
0.0400011209353
0.0439999973872
0.0479984995789
0.0519965931519
0.0559942439685
0.0599914180408
0.0639880816017
0.0679842012412
0.0719797431657
0.0759746733447
0.0799689578163
0.0839625627568
0.0879554545503
0.091947599857
0.0959389656829
0.0999295183745
0.103919222579
0.107908043954
0.111895948309
0.115882901652
0.119868870255
0.123853820729
0.127837720085
0.131820535594
0.135802233619
0.139782780512
0.143762142607
0.14774028615
0.151717177281
0.155692782022
0.159667066254
0.163639995707
0.167611535941
0.171581652331
0.175550310808
0.179517481991
0.183483133376
0.187447231541
0.191409742964
0.195370634003
0.199329870882
0.203287419674
0.207243246287
0.211197316449
0.215149595692
0.2191000498
0.22304865015
0.226995365286
0.230940162137
0.234883007531
0.238823868177
0.242762710655
0.246699501396
0.25063420667
0.254566792573
0.258497225008
0.26242546986
0.266351498376
0.270275280179
0.274196782581
0.278115972793
0.282032817912
0.285947284903
0.289859340584
0.293768951616
0.297676084481
0.301580705477
0.305482780728
0.3093822813
0.313279178291
0.317173439547
0.321065032829
0.324953925799
0.328840086002
0.332723480856
0.336604077631
0.340481843443
0.344356745232
0.348228749757
0.35209782734
0.355963950235
0.359827086837
0.363687205454
0.367544274305
0.371398261503
0.375249135039
0.379096862773
0.38294141242
0.386782751532
0.390620847493
0.394455670253
0.39828719328
0.402115385695
0.405940216429
0.409761654334
0.413579668161
0.417394226555
0.421205298036
0.425012850987
0.428816853643
0.432617274076
0.436414082105
0.440207252227
0.443996754506
0.447782558594
0.451564634076
0.455342950452
0.459117477127
0.462888183397
0.466655038438
0.470418011289
0.474177070846
0.477932187026
0.481683334859
0.485430485466
0.489173609241
0.492912676517
0.496647657555
0.500378522533
0.504105241525
0.507827784501
0.511546121303
0.515260221645
0.518970055767
0.522675599257
0.526376824478
0.530073702635
0.533766204884
0.537454302321
0.541137965964
0.544817166746
0.5484918755
0.552162062949
0.555827699697
0.559488756527
0.563145209361
0.56679703194
0.570444196344
0.574086674618
0.577724438756
0.581357460688
0.584985712273
0.588609165281
0.592227791388
0.595841562164
0.599450449151
0.603054428397
0.606653475096
0.610247562261
0.613836662881
0.617420749907
0.620999796245
0.624573774743
0.628142658179
0.631706419254
0.635265030581
0.638818464679
0.642366697595
0.645909705985
0.649447463785
0.652979944904
0.656507123212
0.660028972527
0.663545466607
0.667056579138
0.670562283722
0.67406255387
0.677557362994
0.681046687297
0.684530505272
0.688008791925
0.691481522226
0.694948671127
0.698410213557
0.701866124408
0.705316378527
0.708760950707
0.71219981568
0.715632948105
0.719060324411
0.722481924125
0.725897723426
0.729307698342
0.732711824891
0.736110079072
0.739502436854
0.742888874169
0.746269366901
0.749643890882
0.753012421878
0.756374936817
0.759731416398
0.763081838096
0.766426179034
0.769764416335
0.773096527111
0.776422488456
0.779742277439
0.783055871092
0.786363246405
0.789664380321
0.792959250458
0.796247838452
0.799530123174
0.802806082881
0.806075695836
0.809338940305
0.812595794546
0.815846236799
0.819090245284
0.82232779819
0.825558873671
0.828783450145
0.832001509188
0.835213030697
0.838417993909
0.84161637861
0.844808164485
0.847993331292
0.85117185898
0.854343727529
0.857508916987
0.860667407505
0.863819179513
0.866964213442
0.870102489782
0.873233989102
0.876358692248
0.879476580112
0.882587633617
0.88569183375
0.888789161751
0.891879598997
0.894963126854
0.89803972676
0.901109380331
0.904172069419
0.907227775844
0.910276481494
0.913318168383
0.916352818813
0.919380415066
0.922400939487
0.925414374509
0.928420702859
0.931419907293
0.934411970609
0.937396875679
0.940374605638
0.943345143726
0.946308473201
0.949264577395
0.952213439834
0.955155044241
0.958089374329
0.961016413889
0.963936146848
0.966848557402
0.969753629733
0.972651348096
0.975541696848
0.978424660625
0.981300224084
0.984168371945
0.987029089009
0.989882360335
0.992728171065
0.995566506382
0.998397351548
1.00122069203
1.00403651346
1.00684480149
1.00964554183
1.01243872038
1.01522432325
1.01800233654
1.02077274646
1.02353553932
1.02629070168
1.02903822014
1.03177808136
1.03451027209
1.03723477935
1.0399515902
1.04266069179
1.04536207132
1.04805571622
1.05074161407
1.05341975244
1.05609011905
1.05875270171
1.0614074885
1.06405446747
1.06669362677
1.0693249547
1.07194843975
1.07456407047
1.07717183548
1.07977172352
1.08236372353
1.08494782454
1.08752401565
1.09009228603
1.09265262507
1.09520502229
1.09774946724
1.10028594956
1.10281445908
1.10533498578
1.10784751969
1.11035205092
1.11284856972
1.11533706655
1.1178175319
1.12028995635
1.12275433061
1.12521064557
1.1276588922
1.13009906155
1.13253114477
1.1349551332
1.13737101826
1.13977879146
1.14217844448
1.14456996906
1.14695335707
1.14932860052
1.1516956915
1.15405462222
1.15640538502
1.15874797234
1.16108237674
1.1634085909
1.16572660759
1.16803641971
1.17033802028
1.17263140242
1.17491655936
1.17719348447
1.1794621712
1.18172261312
1.18397480394
1.18621873745
1.18845440756
1.19068180831
1.19290093382
1.19511177836
1.19731433629
1.19950860207
1.20169457029
1.20387223567
1.20604159299
1.20820263719
1.2103553633
1.21249976646
1.21463584192
1.21676358505
1.21888299132
1.22099405632
1.22309677574
1.2251911454
1.2272771612
1.22935481918
1.23142411546
1.2334850463
1.23553760805
1.23758179716
1.23961761022
1.24164504391
1.243664095
1.24567476041
1.24767703714
1.24967092231
1.25165641313
1.25363350694
1.25560220117
1.25756249337
1.25951438119
1.2614578624
1.26339293485
1.26531959652
1.26723784549
1.26914767995
1.27104909818
1.27294209858
1.27482667965
1.27670284001
1.27857057836
1.28042989352
1.28228078442
1.28412325008
1.28595728964
1.28778290232
1.28960008746
1.29140884452
1.29320917304
1.29500107265
1.29678454313
1.29855958431
1.30032619617
1.30208437875
1.30383413222
1.30557545684
1.30730835298
1.3090328211
1.31074886176
1.31245647565
1.31415566352
1.31584642624
1.31752876477
1.3192026802
1.32086817368
1.32252524649
1.32417389998
1.32581413562
1.32744595498
1.32906935971
1.33068435158
1.33229093243
1.33388910423
1.33547886902
1.33706022896
1.33863318628
1.34019774333
1.34175390254
1.34330166645
1.34484103768
1.34637201896
1.3478946131
1.34940882302
1.35091465173
1.35241210232
1.35390117799
1.35538188202
1.35685421781
1.35831818881
1.35977379861
1.36122105085
1.36265994929
1.36409049778
1.36551270023
1.36692656069
1.36833208327
1.36972927217
1.37111813168
1.37249866621
1.37387088021
1.37523477826
1.37659036502
1.37793764521
1.37927662369
1.38060730535
1.38192969522
1.38324379839
1.38454962003
1.38584716542
1.38713643991
1.38841744893
1.38969019803
1.3909546928
1.39221093895
1.39345894226
1.3946987086
1.39593024391
1.39715355423
1.39836864568
1.39957552445
1.40077419685
1.40196466922
1.40314694802
1.40432103978
1.40548695111
1.4066446887
1.40779425934
1.40893566987
1.41006892723
1.41119403843
1.41231101057
1.41341985082
1.41452056644
1.41561316475
1.41669765316
1.41777403917
1.41884233033
1.41990253428
1.42095465875
1.42199871153
1.42303470048
1.42406263356
1.42508251879
1.42609436426
1.42709817814
1.42809396868
1.4290817442
1.4300615131
1.43103328383
1.43199706494
1.43295286504
1.43390069281
1.43484055701
1.43577246647
1.43669643009
1.43761245683
1.43852055573
1.43942073591
1.44031300654
1.44119737687
1.44207385622
1.44294245397
1.44380317959
1.44465604258
1.44550105255
1.44633821915
1.4471675521
1.44798906119
1.44880275628
1.44960864729
1.45040674421
1.4511970571
1.45197959606
1.45275437127
1.45352139299
1.45428067153
1.45503221724
1.45577604057
1.45651215202
1.45724056215
1.45796128156
1.45867432096
1.45937969107
1.46007740271
1.46076746673
1.46144989406
1.46212469567
1.46279188263
1.46345146601
1.46410345699
1.46474786678
1.46538470665
1.46601398794
1.46663572203
1.46724992036
1.46785659445
1.46845575584
1.46904741616
1.46963158706
1.47020828027
1.47077750756
1.47133928076
1.47189361176
1.4724405125
1.47297999496
1.47351207118
1.47403675327
1.47455405335
1.47506398364
1.47556655638
1.47606178386
1.47654967844
1.47703025252
1.47750351853
1.47796948898
1.47842817642
1.47887959343
1.47932375266
1.47976066679
1.48019034857
1.48061281078
1.48102806624
1.48143612784
1.48183700848
1.48223072115
1.48261727885
1.48299669464
1.48336898162
1.48373415293
1.48409222176
1.48444320134
1.48478710495
1.4851239459
1.48545373755
1.4857764933
1.48609222659
1.4864009509
1.48670267976
1.48699742673
1.48728520541
1.48756602944
1.48783991251
1.48810686833
1.48836691066
1.4886200533
1.48886631008
1.48910569488
1.4893382216
1.48956390418
1.48978275662
1.48999479292
1.49020002713
1.49039847334
1.49059014568
1.4907750583
1.49095322539
1.49112466117
1.49128937991
1.49144739589
1.49159872343
1.4917433769
1.49188137067
1.49201271916
1.49213743683
1.49225553815
1.49236703764
1.49247194983
1.4925702893
1.49266207065
1.49274730849
1.49282601751
1.49289821237
1.49296390779
1.49302311851
1.49307585931
1.49312214497
1.49316199033
1.49319541022
1.49322241953
1.49324303314
1.493257266
1.49326513304
1.49326664925
1.49326182961
1.49325068916
1.49323324293
1.493209506
1.49317949347
1.49314322043
1.49310070203
1.49305195343
1.49299698981
1.49293582637
1.49286847832
1.49279496092
1.49271528941
1.49262947909
1.49253754525
1.49243950322
1.49233536833
1.49222515595
1.49210888143
1.49198656019
1.49185820763
1.49172383917
1.49158347026
1.49143711637
1.49128479296
1.49112651553
1.4909622996
1.49079216067
1.4906161143
1.49043417603
1.49024636144
1.49005268609
1.48985316559
1.48964781554
1.48943665156
1.48921968929
1.48899694437
1.48876843246
1.48853416922
1.48829417034
1.48804845151
1.48779702843
1.48753991682
1.48727713239
1.48700869087
1.48673460802
1.48645489957
1.48616958129
1.48587866895
1.48558217833
1.4852801252
1.48497252537
1.48465939462
1.48434074877
1.48401660363
1.48368697502
1.48335187877
1.4830113307
1.48266534666
1.48231394248
1.48195713403
1.48159493713
1.48122736767
1.48085444148
1.48047617445
1.48009258243
1.47970368131
1.47930948694
1.47891001522
1.47850528202
1.47809530322
1.4776800947
1.47725967236
1.47683405207
1.47640324972
1.47596728121
1.47552616242
1.47507990923
1.47462853755
1.47417206324
1.47371050222
1.47324387035
1.47277218352
1.47229545762
1.47181370854
1.47132695214
1.47083520431
1.47033848093
1.46983679786
1.46933017098
1.46881861615
1.46830214924
1.4677807861
1.46725454258
1.46672343455
1.46618747784
1.46564668829
1.46510108175
1.46455067404
1.46399548098
1.4634355184
1.4628708021
1.4623013479
1.46172717159
1.46114828898
1.46056471583
1.45997646794
1.45938356106
1.45878601098
1.45818383343
1.45757704417
1.45696565894
1.45634969346
1.45572916346
1.45510408463
1.45447447271
1.45384034336
1.45320171228
1.45255859512
1.45191100757
1.45125896525
1.45060248383
1.44994157892
1.44927626614
1.4486065611
1.44793247939
1.4472540366
1.44657124829
1.44588413002
1.44519269735
1.44449696579
1.44379695087
1.44309266809
1.44238413295
1.44167136093
1.44095436748
1.44023316807
1.43950777812
1.43877821307
1.43804448831
1.43730661923
1.43656462122
1.43581850964
1.43506829983
1.43431400712
1.43355564683
1.43279323425
1.43202678467
1.43125631335
1.43048183554
1.42970336647
1.42892092136
1.42813451541
1.42734416378
1.42654988165
1.42575168416
1.42494958644
1.42414360359
1.4233337507
1.42252004284
1.42170249506
1.42088112241
1.42005593988
1.41922696248
1.41839420518
1.41755768294
1.41671741069
1.41587340335
1.41502567581
1.41417424294
1.4133191196
1.41246032063
1.41159786083
1.41073175501
1.40986201792
1.40898866431
1.40811170893
1.40723116646
1.40634705159
1.405459379
1.4045681633
1.40367341913
1.40277516108
1.40187340372
1.40096816159
1.40005944923
1.39914728114
1.39823167179
1.39731263565
1.39639018715
1.3954643407
1.39453511067
1.39360251144
1.39266655734
1.39172726268
1.39078464175
1.38983870882
1.38888947813
1.38793696388
1.38698118027
1.38602214146
1.38505986159
1.38409435478
1.38312563511
1.38215371664
1.38117861342
1.38020033945
1.37921890872
1.37823433518
1.37724663277
1.37625581539
1.37526189692
1.37426489122
1.37326481211
1.37226167338
1.37125548882
1.37024627216
1.36923403712
1.36821879739
1.36720056664
1.3661793585
1.36515518657
1.36412806444
1.36309800566
1.36206502374
1.36102913219
1.35999034447
1.35894867402
1.35790413425
1.35685673854
1.35580650024
1.35475343267
1.35369754914
1.3526388629
1.35157738719
1.35051313522
1.34944612017
1.3483763552
1.3473038534
1.34622862788
1.3451506917
1.34407005788
1.34298673942
1.34190074931
1.34081210047
1.33972080581
1.33862687822
1.33753033054
1.33643117559
1.33532942617
1.33422509503
1.33311819489
1.33200873846
1.3308967384
1.32978220735
1.32866515791
1.32754560264
1.32642355409
1.32529902479
1.32417202719
1.32304257376
1.32191067691
1.32077634902
1.31963960244
1.31850044951
1.31735890249
1.31621497366
1.31506867525
1.31392001944
1.3127690184
1.31161568427
1.31046002912
1.30930206504
1.30814180406
1.30697925819
1.30581443938
1.30464735958
1.30347803069
1.30230646459
1.3011326731
1.29995666804
1.29877846119
1.29759806428
1.29641548902
1.2952307471
1.29404385015
1.29285480978
1.29166363757
1.29047034506
1.28927494376
1.28807744515
1.28687786068
1.28567620175
1.28447247976
1.28326670604
1.28205889189
1.28084904861
1.27963718743
1.27842331956
1.27720745619
1.27598960846
1.27476978747
1.27354800431
1.27232427001
1.27109859559
1.26987099202
1.26864147025
1.26741004119
1.26617671571
1.26494150464
1.2637044188
1.26246546896
1.26122466585
1.25998202019
1.25873754265
1.25749124386
1.25624313442
1.25499322491
1.25374152585
1.25248804776
1.25123280109
1.24997579628
1.24871704372
1.24745655379
1.24619433681
1.24493040308
1.24366476287
1.24239742639
1.24112840383
1.23985770537
1.23858534113
1.23731132119
1.23603565562
1.23475835443
1.23347942761
1.23219888511
1.23091673685
1.22963299272
1.22834766257
1.22706075622
1.22577228344
1.22448225398
1.22319067756
1.22189756385
1.2206029225
1.21930676312
1.21800909528
1.21670992853
1.21540927236
1.21410713625
1.21280352965
1.21149846194
1.21019194251
1.20888398068
1.20757458576
1.20626376702
1.20495153368
1.20363789493
1.20232285995
1.20100643786
1.19968863776
1.1983694687
1.19704893972
1.1957270598
1.1944038379
1.19307928294
1.19175340381
1.19042620936
1.18909770842
1.18776790977
1.18643682216
1.18510445431
1.1837708149
1.18243591258
1.18109975596
1.17976235363
1.17842371413
1.17708384598
1.17574275765
1.17440045759
1.1730569542
1.17171225587
1.17036637093
1.1690193077
1.16767107444
1.16632167941
1.1649711308
1.16361943679
1.16226660552
1.16091264509
1.15955756357
1.158201369
1.15684406939
1.1554856727
1.15412618687
1.15276561981
1.15140397938
1.15004127341
1.14867750972
1.14731269607
1.14594684019
1.14457994978
1.14321203252
1.14184309604
1.14047314794
1.13910219579
1.13773024711
1.13635730942
1.13498339019
1.13360849684
1.13223263678
1.13085581739
1.12947804598
1.12809932988
1.12671967634
1.1253390926
1.12395758588
1.12257516334
1.12119183211
1.11980759931
1.11842247201
1.11703645724
1.11564956202
1.11426179332
1.11287315809
1.11148366322
1.11009331561
1.1087021221
1.10731008949
1.10591722458
1.1045235341
1.10312902478
1.10173370329
1.1003375763
1.09894065041
1.09754293223
1.0961444283
1.09474514514
1.09334508926
1.0919442671
1.09054268511
1.08914034967
1.08773726715
1.08633344389
1.08492888618
1.0835236003
1.08211759249
1.08071086895
1.07930343586
1.07789529937
1.07648646559
1.0750769406
1.07366673046
1.07225584118
1.07084427876
1.06943204916
1.0680191583
1.06660561208
1.06519141637
1.06377657701
1.06236109979
1.0609449905
1.05952825488
1.05811089864
1.05669292747
1.05527434702
1.05385516292
1.05243538075
1.05101500608
1.04959404444
1.04817250134
1.04675038226
1.04532769262
1.04390443786
1.04248062334
1.04105625443
1.03963133646
1.03820587471
1.03677987445
1.03535334092
1.03392627933
1.03249869485
1.03107059264
1.02964197781
1.02821285546
1.02678323064
1.0253531084
1.02392249373
1.02249139162
1.02105980701
1.01962774482
1.01819520993
1.01676220722
1.01532874151
1.01389481762
1.01246044031
1.01102561434
1.00959034444
1.00815463528
1.00671849154
1.00528191786
1.00384491884
1.00240749908
1.00096966312
0.999531415488
0.998092760692
0.996653703201
0.995214247457
0.993774397888
0.992334158879
0.990893534797
0.989452529981
0.988011148739
0.986569395355
0.985127274088
0.983684789168
0.982241944801
0.980798745168
0.979355194418
0.977911296676
0.976467056046
0.975022476599
0.973577562382
0.972132317418
0.970686745701
0.969240851202
0.967794637871
0.966348109624
0.964901270356
0.963454123939
0.962006674208
0.960558924986
0.959110880067
0.957662543217
0.95621391818
0.954765008681
0.953315818405
0.951866351027
0.95041661019
0.948966599513
0.947516322593
0.946065783008
0.944614984299
0.943163929995
0.941712623593
0.940261068568
0.938809268373
0.937357226438
0.935904946166
0.934452430942
0.932999684123
0.931546709043
0.930093509017
0.928640087332
0.927186447253
0.925732592023
0.924278524863
0.922824248968
0.921369767517
0.919915083664
0.918460200535
0.917005121242
0.915549848871
0.914094386478
0.912638737113
0.911182903793
0.909726889515
0.908270697259
0.90681432998
0.905357790606
0.903901082054
0.902444207213
0.900987168951
0.899529970121
0.898072613552
0.896615102048
0.895157438398
0.893699625365
0.892241665693
0.890783562111
0.889325317321
0.887866934008
0.886408414839
0.884949762456
0.883490979483
0.882032068527
0.88057303217
0.87911387298
0.877654593505
0.876195196271
0.874735683782
0.873276058535
0.871816322996
0.870356479614
0.868896530826
0.867436479042
0.865976326652
0.864516076047
0.863055729575
0.861595289581
0.860134758389
0.858674138299
0.857213431595
0.855752640553
0.854291767418
0.852830814428
0.851369783802
0.849908677736
0.848447498414
0.846986248002
0.845524928644
0.844063542475
0.842602091612
0.841140578152
0.839679004178
0.838217371757
0.836755682935
0.835293939747
0.833832144212
0.832370298329
0.83090840409
0.829446463465
0.827984478407
0.826522450858
0.825060382748
0.823598275977
0.822136132447
0.820673954036
0.819211742608
0.817749500015
0.816287228103
0.814824928684
0.813362603574
0.811900254565
0.810437883432
0.808975491947
0.807513081862
0.806050654914
0.804588212836
0.803125757337
0.801663290117
0.800200812863
0.798738327248
0.797275834933
0.795813337571
0.794350836797
0.792888334234
0.791425831498
0.789963330183
0.788500831877
0.787038338159
0.785575850591
0.784113370726
0.782650900111
0.781188440271
0.779725992727
0.778263558989
0.776801140553
0.775338738901
0.773876355515
0.772413991857
0.770951649383
0.769489329542
0.768027033769
0.766564763486
0.765102520114
0.763640305054
0.762178119702
0.760715965451
0.759253843676
0.757791755746
0.756329703024
0.754867686859
0.753405708594
0.751943769564
0.750481871093
0.749020014502
0.747558201104
0.746096432198
0.74463470908
0.743173033039
0.741711405347
0.740249827283
0.73878830011
0.737326825087
0.735865403464
0.734404036491
0.732942725398
0.731481471422
0.730020275789
0.728559139714
0.727098064412
0.725637051094
0.724176100957
0.722715215202
0.72125439502
0.719793641595
0.718332956109
0.716872339738
0.715411793651
0.713951319018
0.712490917003
0.711030588762
0.70957033545
0.708110158216
0.706650058206
0.705190036562
0.703730094425
0.702270232928
0.70081045321
0.699350756394
0.69789114361
0.696431615983
0.694972174632
0.693512820674
0.692053555234
0.690594379421
0.689135294349
0.687676301132
0.686217400876
0.684758594689
0.68329988368
0.681841268954
0.680382751613
0.678924332769
0.677466013519
0.67600779497
0.674549678223
0.67309166438
0.671633754543
0.670175949817
0.668718251302
0.667260660106
0.665803177332
0.664345804085
0.662888541472
0.661431390601
0.659974352577
0.658517428516
0.657060619527
0.655603926725
0.654147351228
0.652690894152
0.651234556615
0.649778339745
0.648322244664
0.646866272501
0.645410424391
0.643954701468
0.642499104869
0.641043635738
0.639588295218
0.638133084457
0.636678004614
0.635223056844
0.633768242309
0.632313562177
0.630859017618
0.629404609808
0.627950339931
0.62649620917
0.62504221872
0.623588369779
0.62213466355
0.620681101244
0.619227684075
0.617774413264
0.616321290042
0.614868315643
0.613415491308
0.611962818287
0.610510297838
0.609057931222
0.607605719712
0.606153664586
0.604701767129
0.603250028638
0.601798450416
0.600347033773
0.59889578003
0.597444690516
0.595993766567
0.594543009531
0.593092420763
0.59164200163
0.590191753507
0.58874167778
0.587291775842
0.5858420491
0.584392498969
0.582943126875
0.581493934255
0.580044922556
0.578596093237
0.57714744777
0.575698987636
0.574250714328
0.572802629353
0.571354734224
0.569907030472
0.568459519638
0.567012203277
0.565565082954
0.564118160253
0.562671436761
0.561224914087
0.559778593849
0.558332477679
0.556886567224
0.555440864149
0.553995370124
0.552550086841
0.551105016002
0.549660159324
0.548215518541
0.546771095401
0.545326891668
0.54388290912
0.542439149552
0.540995614773
0.53955230661
0.538109226904
0.536666377512
0.535223760312
0.533781377195
0.532339230067
0.530897320857
0.529455651504
0.528014223968
0.526573040228
0.525132102277
0.523691412127
0.522250971815
0.520810783385
0.519370848908
0.51793117047
0.516491750173
0.515052590143
0.513613692524
0.512175059476
0.510736693183
0.509298595848
0.507860769691
0.506423216954
0.504985939898
0.503548940806
0.502112221979
0.500675785745
0.499239634444
0.497803770445
0.496368196133
0.494932913915
0.493497926222
0.492063235505
0.490628844236
0.489194754914
0.487760970056
0.486327492201
0.484894323913
0.483461467778
0.482028926403
0.480596702423
0.479164798491
0.477733217284
0.476301961509
0.474871033892
0.473440437181
0.472010174152
0.470580247605
0.469150660355
0.467721415261
0.466292515191
0.464863963042
0.463435761739
0.462007914231
0.460580423488
0.459153292512
0.457726524326
0.456300121984
0.454874088563
0.453448427168
0.452023140928
0.450598233003
0.449173706571
0.447749564844
0.446325811064
0.444902448492
0.443479480422
0.442056910176
0.440634741099
0.439212976567
0.437791619984
0.436370674781
0.434950144421
0.433530032393
0.432110342212
0.430691077425
0.429272241613
0.427853838373
0.426435871341
0.425018344183
0.423601260587
0.422184624276
0.420768439009
0.419352708562
0.417937436752
0.416522627419
0.415108284436
0.413694411705
0.412281013164
0.410868092774
0.409455654537
0.408043702479
0.406632240657
0.405221273162
0.403810804116
0.40240083767
0.400991378014
0.399582429363
0.398173995966
0.396766082107
0.395358692097
0.393951830281
0.39254550104
0.391139708785
0.389734457958
0.388329753043
0.386925598546
0.385521999012
0.384118959018
0.382716483176
0.381314576125
0.379913242548
0.378512487154
0.377112314686
0.375712729929
0.374313737697
0.372915342834
0.371517550227
0.37012036479
0.368723791471
0.367327835262
0.36593250118
0.364537794283
0.363143719663
0.361750282444
0.360357487786
0.358965340888
0.357573846978
0.356183011327
0.354792839239
0.353403336051
0.352014507138
0.350626357912
0.349238893815
0.347852120332
0.346466042982
0.345080667317
0.343695998931
0.342312043452
0.340928806541
0.339546293901
0.338164511269
0.336783464416
0.335403159154
0.334023601331
0.332644796829
0.331266751572
0.329889471519
0.328512962664
0.327137231039
0.325762282716
0.324388123799
0.323014760435
0.321642198807
0.320270445133
0.318899505671
0.317529386715
0.316160094597
0.314791635686
0.313424016391
0.312057243156
0.310691322468
0.309326260846
0.307962064848
0.306598741074
0.305236296158
0.303874736769
0.302514069625
0.30115430147
0.299795439095
0.298437489325
0.297080459022
0.295724355087
0.294369184464
0.293014954128
0.291661671095
0.290309342424
0.288957975205
0.287607576571
0.286258153691
0.284909713775
0.283562264066
0.282215811851
0.280870364451
0.27952592923
0.278182513588
0.276840124963
0.275498770831
0.274158458707
0.272819196142
0.27148099073
0.270143850099
0.268807781918
0.267472793893
0.266138893769
0.264806089327
0.263474388388
0.262143798811
0.260814328493
0.25948598537
0.258158777415
0.256832712639
0.255507799092
0.25418404486
0.252861458067
0.251540046877
0.250219819491
0.248900784146
0.247582949119
0.246266322725
0.244950913313
0.243636729273
0.242323779032
0.241012071051
0.239701613833
0.238392415917
0.237084485875
0.235777832324
0.234472463911
0.233168389324
0.231865617286
0.230564156556
0.229264015932
0.227965204249
0.226667730375
0.225371603218
0.224076831721
0.222783424862
0.221491391657
0.220200741158
0.218911482451
0.21762362466
0.216337176945
0.215052148499
0.213768548552
0.212486386371
0.211205671254
0.209926412539
0.208648619596
0.207372301831
0.206097468684
0.20482412963
0.203552294179
0.202281971873
0.201013172293
0.199745905048
0.198480179786
0.197216006186
0.195953393961
0.194692352859
0.193432892659
0.192175023174
0.19091875425
0.189664095766
0.188411057634
0.187159649798
0.185909882234
0.184661764951
0.183415307988
0.182170521419
0.180927415345
0.179685999903
0.178446285258
0.177208281609
0.175971999181
0.174737448236
0.17350463906
0.172273581973
0.171044287324
0.169816765492
0.168591026885
0.167367081942
0.166144941129
0.164924614942
0.163706113906
0.162489448572
0.161274629523
0.160061667367
0.158850572741
0.157641356311
0.156434028767
0.155228600827
0.154025083239
0.152823486773
0.151623822227
0.150426100427
0.149230332222
0.148036528488
0.146844700126
0.145654858062
0.144467013245
0.143281176653
0.142097359282
0.140915572156
0.139735826324
0.138558132853
0.137382502837
0.136208947392
0.135037477657
0.133868104791
0.132700839977
0.131535694418
0.13037267934
0.129211805989
0.128053085632
0.126896529555
0.125742149066
0.124589955491
0.123439960177
0.122292174489
0.12114660981
0.120003277543
0.118862189109
0.117723355945
0.116586789507
0.115452501268
0.114320502717
0.113190805359
0.112063420717
0.110938360328
0.109815635744
0.108695258534
0.107577240278
0.106461592575
0.105348327034
0.104237455279
0.103128988947
0.102022939687
0.100919319163
0.0998181390477
0.0987194110272
0.0976231467983
0.0965293580691
0.0954380565578
0.0943492539927
0.0932629621117
0.092179192662
0.0910979573998
0.0900192680897
0.0889431365042
0.0878695744238
0.0867985936358
0.0857302059345
0.0846644231207
0.0836012570011
0.0825407193876
0.0814828220979
0.0804275769539
0.0793749957817
0.0783250904119
0.0772778726779
0.0762333544159
0.0751915474654
0.0741524636671
0.0731161148634
0.0720825128988
0.0710516696174
0.0700235968643
0.0689983064842
0.0679758103209
0.0669561202171
0.0659392480144
0.0649252055518
0.0639140046662
0.0629056571913
0.0619001749575
0.060897569791
0.0598978535138
0.0589010379426
0.0579071348892
0.0569161561593
0.0559281135523
0.0549430188606
0.0539608838695
0.0529817203559
0.0520055400891
0.051032354829
0.0500621763261
0.0490950163216
0.048130886546
0.0471697987187
0.0462117645478
0.04525679573
0.0443049039488
0.0433561008751
0.0424103981666
0.0414678074663
0.0405283404033
0.0395920085917
0.0386588236295
0.0377287970991
0.0368019405659
0.035878265578
0.0349577836661
0.0340405063426
0.0331264451008
0.0322156114152
0.0313080167399
0.0304036725086
0.0295025901342
0.0286047810079
0.0277102564987
0.0268190279532
0.0259311066946
0.0250465040223
0.0241652312113
0.0232872995119
0.0224127201485
0.0215415043199
0.0206736631979
0.0198092079275
0.0189481496256
0.018090499381
0.0172362682533
0.0163854672728
0.0155381074398
0.0146941997235
0.0138537550624
0.0130167843629
0.0121832984989
0.0113533083114
0.010526824608
0.00970385816181
0.00888441971128
0.00806851995943
0.00725616957335
0.00644737918359
0.00564215938352
0.00484052072872
0.00404247373646
0.00324802888496
0.00245719661292
0.00166998731886
0.000886411360506
0.000106479054204
-0.000669799325714
-0.00144241354751
-0.00221135342268
-0.00297660880653
-0.00373816959883
-0.0044960257444
-0.00525016723375
-0.00600058410362
-0.00674726643771
-0.00749020436728
-0.00822938807164
-0.00896480777892
-0.00969645376663
-0.0104243163623
-0.0111483859439
-0.011868652941
-0.0125851078348
-0.0132977411589
-0.0140065435004
-0.0147115054998
-0.0154126178521
-0.0161098713074
-0.016803256671
-0.0174927648051
-0.0181783866284
-0.0188601131171
-0.0195379353056
-0.0202118442872
-0.0208818312144
-0.0215478872998
-0.0222100038167
-0.0228681720997
-0.0235223835453
-0.0241726296127
-0.0248189018239
-0.0254611917652
-0.0260994910871
-0.026733791505
-0.0273640848005
-0.0279903628211
-0.0286126174815
-0.0292308407641
-0.0298450247193
-0.0304551614664
-0.0310612431945
-0.0316632621626
-0.0322612107003
-0.0328550812091
-0.0334448661622
-0.0340305581054
-0.0346121496581
-0.0351896335133
-0.0357630024388
-0.0363322492774
-0.0368973669477
-0.0374583484448
-0.0380151868411
-0.0385678752864
-0.0391164070089
-0.0396607753159
-0.0402009735939
-0.0407369953097
-0.0412688340112
-0.0417964833274
-0.0423199369694
-0.0428391887317
-0.043354232491
-0.0438650622085
-0.04437167193
-0.044874055786
-0.0453722079931
-0.0458661228547
-0.0463557947603
-0.0468412181876
-0.0473223877026
-0.0477992979595
-0.0482719437023
-0.0487403197654
-0.0492044210732
-0.0496642426418
-0.0501197795793
-0.0505710270857
-0.0510179804544
-0.0514606350726
-0.0518989864213
-0.0523330300765
-0.0527627617099
-0.0531881770888
-0.0536092720775
-0.0540260426378
-0.0544384848284
-0.0548465948072
-0.0552503688306
-0.0556498032542
-0.0560448945346
-0.0564356392286
-0.056822033994
-0.0572040755911
-0.0575817608825
-0.0579550868329
-0.0583240505115
-0.0586886490911
-0.0590488798494
-0.0594047401692
-0.0597562275396
-0.060103339555
-0.0604460739178
-0.0607844284368
-0.0611184010291
-0.0614479897208
-0.0617731926466
-0.0620940080507
-0.0624104342881
-0.0627224698237
-0.0630301132338
-0.0633333632068
-0.0636322185427
-0.0639266781546
-0.0642167410691
-0.064502406426
-0.0647836734799
-0.0650605416003
-0.0653330102717
-0.0656010790943
-0.0658647477851
-0.0661240161775
-0.0663788842219
-0.0666293519877
-0.0668754196612
-0.0671170875484
-0.0673543560741
-0.0675872257828
-0.0678156973391
-0.0680397715287
-0.0682594492577
-0.0684747315546
-0.0686856195695
-0.0688921145751
-0.0690942179666
-0.0692919312634
-0.0694852561076
-0.0696741942664
-0.0698587476317
-0.07003891822
-0.0702147081738
-0.0703861197613
-0.070553155377
-0.0707158175423
-0.070874108906
-0.0710280322438
-0.0711775904604
-0.0713227865884
-0.0714636237889
-0.0716001053526
-0.0717322346997
-0.0718600153798
-0.0719834510735
-0.0721025455916
-0.072217302876
-0.0723277270003
-0.0724338221699
-0.0725355927216
-0.0726330431253
-0.0727261779832
-0.0728150020306
-0.072899520137
-0.0729797373047
-0.0730556586706
-0.0731272895061
-0.0731946352168
-0.0732577013437
-0.0733164935629
-0.0733710176861
-0.0734212796611
-0.0734672855719
-0.0735090416387
-0.0735465542184
-0.0735798298053
-0.0736088750301
-0.0736336966618
-0.0736543016069
-0.0736706969096
-0.0736828897527
-0.073690887458
-0.0736946974847
-0.0736943274321
-0.073689785038
-0.073681078179
-0.0736682148725
-0.073651203275
-0.0736300516827
-0.0736047685324
-0.0735753624014
-0.0735418420065
-0.073504216206
-0.0734624939987
-0.0734166845243
-0.0733667970638
-0.0733128410398
-0.0732548260154
-0.0731927616961
-0.0731266579284
-0.0730565247008
-0.0729823721436
-0.0729042105295
-0.0728220502726
-0.0727359019301
-0.0726457762006
-0.0725516839254
-0.0724536360883
-0.0723516438153
-0.072245718375
-0.0721358711793
-0.0720221137817
-0.0719044578789
-0.0717829153106
-0.0716574980584
-0.0715282182471
-0.0713950881447
-0.0712581201613
-0.0711173268497
-0.0709727209069
-0.0708243151708
-0.0706721226231
-0.0705161563879
-0.0703564297316
-0.0701929560635
-0.0700257489358
-0.0698548220426
-0.069680189221
-0.0695018644504
-0.0693198618519
-0.0691341956893
-0.0689448803685
-0.0687519304368
-0.0685553605842
-0.0683551856421
-0.0681514205836
-0.0679440805232
-0.0677331807167
-0.0675187365612
-0.0673007635949
-0.0670792774969
-0.0668542940868
-0.0666258293254
-0.0663938993134
-0.0661585202914
-0.0659197086406
-0.0656774808814
-0.0654318536738
-0.0651828438178
-0.0649304682517
-0.064674744053
-0.0644156884378
-0.0641533187604
-0.0638876525131
-0.0636187073264
-0.0633465009679
-0.0630710513425
-0.0627923764928
-0.0625104945968
-0.0622254239699
-0.0619371830629
-0.0616457904623
-0.0613512648902
-0.0610536252035
-0.0607528903939
-0.0604490795874
-0.0601422120441
-0.0598323071571
-0.0595193844531
-0.0592034635916
-0.0588845643639
-0.0585627066941
-0.0582379106374
-0.05791019638
-0.0575795842391
-0.0572460946621
-0.0569097482257
-0.0565705656367
-0.0562285677303
-0.05588377547
-0.0555362099477
-0.0551858923825
-0.0548328441202
-0.0544770866334
-0.0541186415202
-0.0537575305043
-0.0533937754342
-0.0530273982827
-0.0526584211464
-0.0522868662451
-0.0519127559216
-0.0515361126399
-0.0511569589863
-0.0507753176672
-0.0503912115098
-0.0500046634611
-0.0496156965868
-0.0492243340712
-0.0488305992166
-0.048434515442
-0.0480361062832
-0.047635395392
-0.0472324065349
-0.0468271635934
-0.046419690563
-0.0460100115515
-0.0455981507801
-0.0451841325812
-0.0447679813979
-0.0443497217843
-0.0439293784038
-0.0435069760285
-0.0430825395386
-0.042656093922
-0.0422276642724
-0.04179727579
-0.0413649537795
-0.0409307236499
-0.0404946109139
-0.0400566411867
-0.0396168401848
-0.0391752337263
-0.0387318477292
-0.0382867082106
-0.0378398412863
-0.0373912731695
-0.0369410301698
-0.0364891386936
-0.0360356252414
-0.035580516408
-0.0351238388817
-0.0346656194427
-0.0342058849624
-0.0337446624031
-0.0332819788164
-0.0328178613424
-0.0323523372091
-0.0318854337311
-0.0314171783084
-0.0309475984262
-0.030476721653
-0.0300045756402
-0.0295311881216
-0.029056586911
-0.0285807999023
-0.0281038550685
-0.0276257804597
-0.0271466042031
-0.0266663545017
-0.0261850596327
-0.0257027479473
-0.0252194478693
-0.0247351878935
-0.0242499965853
-0.0237639025796
-0.0232769345792
-0.022789121354
-0.0223004917402
-0.0218110746385
-0.0213208990136
-0.020829993893
-0.0203383883653
-0.0198461115798
-0.0193531927449
-0.0188596611268
-0.0183655460488
-0.0178708768902
-0.0173756830843
-0.0168799941181
-0.016383839531
-0.0158872489127
-0.0153902519032
-0.0148928781908
-0.0143951575113
-0.0138971196463
-0.0133987944229
-0.012900211711
-0.0124014014237
-0.0119023935146
-0.0114032179774
-0.0109039048445
-0.0104044841857
-0.00990498610655
-0.00940544074777
-0.0089058782833
-0.00840632891936
-0.00790682289308
-0.00740739047116
-0.00690806194847
-0.00640886764697
-0.00590983791419
-0.00541100312191
-0.00491239366493
-0.0044140399596
-0.00391597244253
-0.00341822156926
-0.00292081781286
-0.00242379166248
-0.00192717362219
-0.00143099420942
-0.000935283953663
-0.000440073395056
5.46069170373e-05
0.000548726425395
0.00104225456631
0.00153516077103
0.00202741446721
0.00251898508031
0.00300984203498
0.00349995475649
0.00398929267224
0.00447782521308
0.00496552181491
0.00545235191999
0.00593828497843
0.00642329044965
0.00690733780391
0.00739039652367
0.0078724361051
0.00835342605959
0.0088333359151
0.00931213521788
0.00978979353374
0.0102662804496
0.010741565575
0.0112156185436
0.0116884090148
0.0121599066749
0.012630081239
0.0130989024522
0.0135663400914
0.0140323639666
0.0144969439226
0.0149600498401
0.0154216516381
0.0158817192742
0.0163402227474
0.0167971320988
0.0172524174133
0.0177060488213
0.0181579965005
0.0186082306767
0.0190567216258
0.0195034396756
0.0199483552067
0.0203914386549
0.0208326605119
0.0212719913276
0.021709401711
0.0221448623321
0.0225783439237
0.0230098172826
0.0234392532711
0.023866622819
0.0242918969248
0.0247150466577
0.0251360431584
0.0255548576413
0.0259714613964
0.0263858257896
0.0267979222658
0.0272077223494
0.0276151976463
0.0280203198454
0.0284230607207
0.0288233921316
0.029221286026
0.0296167144405
0.0300096495031
0.0304000634342
0.0307879285485
0.0311732172559
0.0315559020643
0.0319359555798
0.0323133505093
0.0326880596617
0.0330600559493
0.0334293123897
0.0337958021076
0.0341594983357
0.0345203744166
0.0348784038046
0.0352335600669
0.0355858168853
0.0359351480582
0.0362815275014
0.0366249292502
0.0369653274612
0.0373026964128
0.0376370105082
0.0379682442756
0.0382963723708
0.0386213695783
0.0389432108127
0.0392618711207
0.0395773256823
0.0398895498127
0.0401985189634
0.0405042087238
0.0408065948233
0.041105653132
0.0414013596629
0.0416936905736
0.0419826221666
0.0422681308924
0.0425501933499
0.0428287862884
0.0431038866089
0.0433754713659
0.0436435177685
0.0439080031825
0.0441689051315
0.044426201298
0.0446798695258
0.0449298878207
0.0451762343522
0.0454188874556
0.0456578256324
0.0458930275525
0.0461244720556
0.0463521381524
0.0465760050258
0.0467960520336
0.0470122587082
0.0472246047592
0.047433070075
0.0476376347231
0.0478382789525
0.0480349831948
0.0482277280654
0.0484164943652
0.048601263082
0.0487820153915
0.0489587326592
0.0491313964419
0.049299988488
0.0494644907399
0.0496248853351
0.0497811546072
0.0499332810878
0.0500812475076
0.0502250367973
0.0503646320896
0.0505000167204
0.0506311742292
0.0507580883619
0.0508807430708
0.0509991225165
0.0511132110692
0.05122299331
0.0513284540313
0.0514295782393
0.0515263511545
0.0516187582129
0.0517067850679
0.0517904175905
0.0518696418711
0.0519444442211
0.0520148111737
0.0520807294842
0.0521421861326
0.0521991683239
0.0522516634892
0.0522996592877
0.052343143607
0.0523821045642
0.052416530508
0.0524464100184
0.0524717319087
0.0524924852264
0.0525086592539
0.0525202435103
0.0525272277523
0.0525296019743
0.0525273564105
0.0525204815354
0.0525089680647
0.0524928069569
0.052471989414
0.0524465068817
0.0524163510516
0.0523815138621
0.0523419874977
0.0522977643917
0.0522488372265
0.0521951989342
0.0521368426979
0.052073761953
0.0520059503867
0.0519334019401
0.0518561108086
0.0517740714426
0.0516872785487
0.0515957270902
0.0514994122877
0.0513983296208
0.0512924748282
0.0511818439077
0.0510664331187
0.0509462389811
0.0508212582773
0.0506914880526
0.0505569256156
0.0504175685389
0.0502734146608
0.0501244620842
0.0499707091781
0.0498121545789
0.0496487971895
0.0494806361812
0.0493076709944
0.0491299013376
0.0489473271894
0.0487599487987
0.048567766685
0.0483707816386
0.0481689947225
0.0479624072708
0.0477510208911
0.047534837464
0.0473138591436
0.0470880883576
0.0468575278088
0.046622180474
0.0463820496059
0.0461371387326
0.0458874516577
0.0456329924614
0.0453737655004
0.0451097754081
0.0448410270952
0.0445675257497
0.044289276837
0.0440062861014
0.0437185595643
0.043426103526
0.0431289245652
0.0428270295392
0.0425204255842
0.0422091201158
0.0418931208283
0.0415724356956
0.041247072971
0.0409170411872
0.0405823491564
0.0402430059704
0.0398990210005
0.0395504038979
0.0391971645935
0.0388393132976
0.0384768605001
0.0381098169706
0.0377381937582
0.0373620021913
0.0369812538777
0.0365959607044
0.0362061348375
0.0358117887221
0.0354129350819
0.0350095869193
0.034601757515
0.0341894604283
0.0337727094958
0.0333515188323
0.0329259028297
0.0324958761572
0.0320614537612
0.031622650864
0.0311794829646
0.0307319658378
0.0302801155337
0.0298239483776
0.0293634809696
0.028898730184
0.0284297131691
0.0279564473465
0.0274789504108
0.026997240329
0.0265113353401
0.0260212539544
0.0255270149532
0.0250286373883
0.0245261405811
0.024019544122
0.0235088678702
0.0229941319528
0.0224753567642
0.0219525629653
0.0214257714831
0.0208950035099
0.0203602805026
0.0198216241817
0.0192790565308
0.018732599796
0.018182276485
0.017628109366
0.0170701214671
0.0165083360758
0.0159427767373
0.0153734672548
0.0148004316876
0.0142236943507
0.0136432798137
0.0130592128999
0.0124715186855
0.0118802224984
0.0112853499172
0.0106869267706
0.0100849791359
0.00947953333822
0.00887061594919
0.00825825378623
0.0076424739112
0.00702330362939
0.0064007704884
0.00577490227694
0.00514572702372
0.00451327299625
0.00387756869964
0.00323864287541
0.00259652450029
0.00195124278493
0.00130282717263
0.000651307338098
-3.28681384685e-06
-0.000660925149586
-0.00132157730806
-0.00198521270208
-0.00265180051969
-0.00332130972554
-0.00399370906226
-0.00466896705199
-0.00534705199768
-0.00602793198448
-0.00671157488138
-0.00739794834251
-0.00808701980875
-0.00877875650924
-0.00947312546277
-0.0101700934794
-0.0108696271621
-0.0115716929081
-0.0122762569109
-0.0129832851612
-0.0136927434491
-0.0144045973654
-0.0151188123038
-0.0158353534617
-0.0165541858424
-0.0172752742568
-0.0179985833249
-0.0187240774779
-0.0194517209595
-0.0201814778279
-0.0209133119572
-0.0216471870401
-0.0223830665886
-0.0231209139366
-0.0238606922411
-0.0246023644845
-0.0253458934766
-0.0260912418561
-0.0268383720922
-0.0275872464871
-0.028337827178
-0.0290900761387
-0.0298439551809
-0.0305994259576
-0.0313564499636
-0.0321149885386
-0.0328750028689
-0.0336364539889
-0.0343993027835
-0.0351635099906
-0.0359290362021
-0.0366958418666
-0.0374638872919
-0.0382331326458
-0.0390035379599
-0.0397750631304
-0.0405476679205
-0.0413213119627
-0.0420959547611
-0.0428715556927
-0.0436480740115
-0.0444254688485
-0.0452036992149
-0.0459827240044
-0.0467625019955
-0.0475429918527
-0.0483241521304
-0.0491059412736
-0.0498883176209
-0.0506712394076
-0.0514546647664
-0.0522385517299
-0.053022858234
-0.0538075421202
-0.0545925611361
-0.0553778729397
-0.0561634351008
-0.0569492051033
-0.0577351403487
-0.0585211981573
-0.0593073357703
-0.0600935103534
-0.0608796789983
-0.0616657987256
-0.0624518264869
-0.0632377191674
-0.064023433588
-0.0648089265091
-0.065594154631
-0.0663790745976
-0.0671636429987
-0.0679478163722
-0.0687315512067
-0.0695148039456
-0.070297530986
-0.0710796886844
-0.0718612333581
-0.0726421212872
-0.0734223087179
-0.0742017518655
-0.0749804069149
-0.0757582300253
-0.076535177333
-0.077311204951
-0.0780862689744
-0.0788603254819
-0.0796333305385
-0.0804052401983
-0.0811760105067
-0.0819455975028
-0.0827139572231
-0.0834810457034
-0.0842468189808
-0.0850112330971
-0.0857742441011
-0.0865358080513
-0.0872958810192
-0.0880544190907
-0.088811378369
-0.089566714978
-0.0903203850646
-0.0910723448007
-0.0918225503866
-0.0925709580531
-0.0933175240645
-0.0940622047218
-0.0948049563646
-0.0955457353729
-0.0962844981716
-0.0970212012318
-0.0977558010737
-0.0984882542708
-0.0992185174499
-0.099946547295
-0.100672300551
-0.101395734025
-0.10211680459
-0.102835469184
-0.10355168482
-0.10426540858
-0.104976597626
-0.105685209196
-0.106391200608
-0.107094529268
-0.107795152663
-0.108493028374
-0.109188114071
-0.10988036752
-0.110569746582
-0.11125620922
-0.1119397135
-0.112620217589
-0.113297679764
-0.113972058413
-0.114643312037
-0.115311399251
-0.115976278787
-0.116637909501
-0.117296250371
-0.1179512605
-0.118602899121
-0.119251125595
-0.119895899421
-0.120537180232
-0.1211749278
-0.121809102039
-0.122439663006
-0.123066570906
-0.123689786091
-0.124309269068
-0.124924980495
-0.125536881188
-0.126144932122
-0.126749094435
-0.127349329428
-0.12794559857
-0.128537863497
-0.12912608602
-0.129710228122
-0.130290251964
-0.130866119885
-0.131437794407
-0.132005238236
-0.132568414264
-0.133127285571
-0.13368181543
-0.134231967309
-0.13477770487
-0.135318991973
-0.135855792683
-0.136388071263
-0.136915792186
-0.137438920131
-0.137957419989
-0.138471256862
-0.138980396068
-0.139484803142
-0.13998444384
-0.140479284137
-0.140969290235
-0.141454428561
-0.141934665772
-0.142409968755
-0.142880304629
-0.143345640748
-0.14380594471
-0.144261184345
-0.144711327728
-0.145156343178
-0.145596199259
-0.146030864785
-0.146460308818
-0.146884500674
-0.147303409924
-0.147717006397
-0.148125260176
-0.148528141609
-0.148925621304
-0.149317670135
-0.149704259241
-0.150085360035
-0.150460944194
-0.150830983671
-0.151195450692
-0.15155431776
-0.151907557656
-0.152255143443
-0.152597048462
-0.152933246341
-0.153263710994
-0.15358841662
-0.153907337708
-0.154220449038
-0.154527725684
-0.154829143013
-0.155124676689
-0.155414302674
-0.155697997227
-0.155975736912
-0.156247498592
-0.156513259438
-0.156772996924
-0.157026688832
-0.157274313257
-0.1575158486
-0.157751273577
-0.157980567215
-0.158203708859
-0.15842067817
-0.158631455126
-0.158836020025
-0.159034353486
-0.159226436451
-0.159412250185
-0.159591776278
-0.159764996645
-0.159931893532
-0.160092449511
-0.160246647486
-0.16039447069
-0.160535902691
-0.160670927389
-0.160799529021
-0.160921692158
-0.161037401709
-0.161146642921
-0.161249401382
-0.16134566302
-0.161435414102
-0.161518641241
-0.161595331392
-0.161665471852
-0.16172905027
-0.161786054634
-0.161836473283
-0.161880294904
-0.161917508536
-0.161948103563
-0.161972069721
-0.161989397099
-0.162000076135
-0.162004097623
-0.162001452713
-0.161992132901
-0.161976130047
-0.161953436366
-0.161924044422
-0.161887947143
-0.161845137812
-0.16179561007
-0.161739357918
-0.161676375718
-0.161606658186
-0.161530200403
-0.161446997808
-0.161357046203
-0.161260341751
-0.161156880976
-0.161046660763
-0.160929678364
-0.160805931391
-0.160675417819
-0.160538135985
-0.160394084592
-0.160243262706
-0.160085669759
-0.159921305544
-0.15975017022
-0.15957226431
-0.159387588701
-0.159196144645
-0.158997933762
-0.158792958029
-0.158581219792
-0.158362721771
-0.158137467035
-0.157905459025
-0.157666701548
-0.157421198771
-0.157168955227
-0.156909975815
-0.156644265794
-0.156371830792
-0.156092676799
-0.155806810164
-0.155514237604
-0.155214966194
-0.154909003374
-0.154596356948
-0.15427703508
-0.153951046292
-0.153618399472
-0.153279103864
-0.152933169075
-0.152580605069
-0.152221422171
-0.151855631062
-0.151483242786
-0.151104268739
-0.150718720676
-0.150326610708
-0.149927951301
-0.149522755276
-0.149111035809
-0.148692806427
-0.148268081013
-0.147836873799
-0.147399199372
-0.146955072666
-0.146504508965
-0.146047523903
-0.145584133463
-0.145114353971
-0.144638202104
-0.144155694881
-0.143666849666
-0.14317168417
-0.14267021644
-0.14216246487
-0.14164844819
-0.141128185472
-0.140601696128
-0.140068999905
-0.139530116885
-0.138985067487
-0.138433872463
-0.137876552899
-0.137313130212
-0.136743626147
-0.136168062781
-0.13558646252
-0.134998848095
-0.134405242561
-0.133805669299
-0.133200152012
-0.132588714726
-0.131971381786
-0.131348177855
-0.130719127914
-0.130084257262
-0.129443591514
-0.12879715659
-0.128144978731
-0.127487084481
-0.126823500697
-0.126154254544
-0.125479373489
-0.124798885306
-0.124112818073
-0.123421200165
-0.122724060259
-0.122021427329
-0.121313330646
-0.120599799775
-0.119880864578
-0.119156555202
-0.118426902088
-0.117691935962
-0.116951687836
-0.116206189012
-0.115455471069
-0.114699565868
-0.113938505552
-0.113172322539
-0.112401049522
-0.11162471947
-0.110843365622
-0.110057021487
-0.109265720846
-0.108469497744
-0.107668386486
-0.106862421647
-0.10605163806
-0.105236070815
-0.104415755259
-0.103590726996
-0.102761021879
-0.101926676017
-0.101087725765
-0.100244207724
-0.0993961587415
-0.0985436159076
-0.097686616552
-0.0968251982442
-0.0959593987895
-0.0950892562272
-0.0942148088327
-0.0933360951084
-0.0924531537851
-0.0915660238204
-0.0906747443951
-0.0897793549117
-0.0888798949959
-0.087976404486
-0.0870689234375
-0.0861574921198
-0.0852421510123
-0.0843229408023
-0.0833999023859
-0.0824730768601
-0.0815425055267
-0.0806082298879
-0.0796702916406
-0.0787287326778
-0.0777835950858
-0.0768349211421
-0.0758827533117
-0.0749271342456
-0.0739681067783
-0.0730057139263
-0.0720399988858
-0.0710710050283
-0.0700987759002
-0.0691233552198
-0.0681447868751
-0.0671631149222
-0.0661783835811
-0.065190637234
-0.064199920424
-0.0632062778522
-0.0622097543743
-0.0612103949992
-0.0602082448856
-0.0592033493407
-0.058195753818
-0.0571855039142
-0.0561726453652
-0.0551572240462
-0.0541392859679
-0.0531188772746
-0.0520960442415
-0.0510708332722
-0.0500432908952
-0.0490134637638
-0.0479813986522
-0.0469471424517
-0.0459107421708
-0.0448722449298
-0.0438316979624
-0.0427891486091
-0.0417446443159
-0.0406982326329
-0.0396499612109
-0.0385998777986
-0.0375480302406
-0.0364944664747
-0.0354392345288
-0.0343823825202
-0.0333239586511
-0.032264011206
-0.0312025885504
-0.0301397391273
-0.0290755114549
-0.0280099541251
-0.0269431157988
-0.0258750452044
-0.024805791136
-0.0237354024498
-0.0226639280614
-0.0215914169441
-0.0205179181253
-0.0194434806847
-0.0183681537517
-0.0172919865023
-0.0162150281563
-0.0151373279756
-0.0140589352608
-0.0129798993493
-0.0119002696121
-0.0108200954512
-0.00973942629745
-0.00865831160768
-0.00757680086202
-0.00649494356134
-0.00541278922464
-0.00433038738647
-0.0032477875945
-0.00216503940644
-0.00108219238778
7.03890864543e-07
0.00108359985642
0.00216644593599
0.00324919255944
0.00433179016194
0.00541418918667
0.00649634008756
0.00757819333157
0.00865969940159
0.00974080879881
0.0108214720456
0.011901639688
0.0129812622984
0.0140602904778
0.0151386748588
0.0162163661081
0.0172933149292
0.0183694720649
0.0194447882997
0.0205192144625
0.0215927014296
0.0226652001271
0.0237366615328
0.0248070366798
0.0258762766578
0.0269443326189
0.0280111557754
0.0290766974057
0.0301409088561
0.0312037415427
0.0322651469547
0.0333250766576
0.0343834822935
0.035440315586
0.0364955283433
0.0375490724568
0.0386008999075
0.0396509627669
0.0406992131995
0.0417456034665
0.0427900859288
0.0438326130453
0.0448731373802
0.0459116116035
0.0469479884936
0.0479822209399
0.0490142619459
0.0500440646296
0.0510715822302
0.0520967681068
0.0531195757413
0.054139958742
0.0551578708456
0.0561732659211
0.0571860979698
0.0581963211286
0.059203889673
0.0602087580204
0.0612108807307
0.0622102125094
0.0632067082096
0.0642003228355
0.0651910115447
0.0661787296509
0.0671634326236
0.0681450760929
0.0691236158523
0.0700990078602
0.071071208242
0.072040173293
0.073005859479
0.0739682234421
0.0749272220017
0.0758828121548
0.0768349510797
0.0777835961385
0.0787287048796
0.0796702350407
0.080608144549
0.0815423915246
0.082472934282
0.0833997313351
0.0843227413968
0.0852419233811
0.0861572364064
0.0870686397968
0.0879760930871
0.0888795560231
0.0897789885607
0.0906743508713
0.0915656033457
0.0924527065972
0.0933356214538
0.0942143089713
0.0950887304311
0.0959588473403
0.0968246214409
0.0976860147044
0.0985429893344
0.0993955077753
0.10024353271
0.101087027057
0.101925953984
0.102760276895
0.103589959448
0.10441496555
0.105235259355
0.10605080527
0.106861567957
0.107667512334
0.108468603581
0.109264807134
0.110056088694
0.110842414224
0.111623749956
0.112400062389
0.113171318292
0.113937484702
0.114698528934
0.115454418578
0.116205121502
0.11695060585
0.117690840045
0.118425792798
0.119155433106
0.119879730242
0.120598653774
0.121312173558
0.12202025974
0.122722882761
0.123420013355
0.124111622548
0.124797681671
0.125478162352
0.126153036516
0.126822276394
0.127485854517
0.128143743727
0.128795917172
0.129442348305
0.13008301089
0.130717879003
0.131346927033
0.131970129686
0.13258746198
0.133198899251
0.133804417152
0.134403991659
0.13499759907
0.135585216001
0.136166819393
0.136742386514
0.137311894961
0.137875322653
0.138432647842
0.138983849104
0.139528905352
0.140067795837
0.140600500131
0.141126998147
0.141647270134
0.142161296678
0.142669058701
0.143170537467
0.143665714575
0.144154571971
0.144637091944
0.145113257122
0.145583050476
0.146046455325
0.146503455332
0.146954034511
0.14739817722
0.147835868165
0.148267092401
0.148691835337
0.149110082732
0.149521820694
0.149927035684
0.150325714515
0.150717844361
0.151103412746
0.151482407547
0.151854816998
0.15222062969
0.152579834573
0.152932420955
0.153278378499
0.153617697225
0.153950367518
0.154276380121
0.154595726137
0.154908397027
0.155214384613
0.155513681082
0.15580627899
0.156092171237
0.156371351099
0.156643812209
0.156909548566
0.15716855453
0.157420824828
0.157666354543
0.157905139134
0.158137174419
0.158362456576
0.15858098215
0.15879274805
0.158997751551
0.159195990298
0.15938746229
0.159572165896
0.159750099849
0.159921263246
0.160085655553
0.160243276595
0.160394126559
0.160538206003
0.160675515849
0.160806057379
0.160929832238
0.161046842434
0.16115709034
0.161260578704
0.161357310615
0.161447289535
0.161530519289
0.161607004059
0.16167674839
0.161739757191
0.161796035721
0.161845589615
0.16188842486
0.161924547797
0.161953965129
0.161976683915
0.161992711569
0.162002055877
0.162004724964
0.162000727313
0.161990071767
0.161972767518
0.161948824112
0.161918251453
0.161881059786
0.161837259713
0.161786862195
0.161729878528
0.161666320363
0.161596199695
0.161519528867
0.161436320577
0.161346587854
0.161250344073
0.161147602958
0.161038378574
0.160922685322
0.160800537946
0.160671951524
0.160536941478
0.160395523568
0.160247713881
0.160093528842
0.159932985208
0.159766100068
0.159592890846
0.159413375289
0.159227571473
0.159035497801
0.158837173003
0.158632616135
0.15842184657
0.158204884004
0.157981748453
0.157752460254
0.157517040061
0.15727550884
0.15702788787
0.156774198745
0.156514463375
0.156248703973
0.155976943063
0.155699203468
0.155415508324
0.155125881072
0.15483034545
0.154528925492
0.154221645533
0.153908530211
0.153589604459
0.15326489349
0.15293442282
0.152598218246
0.15225630586
0.151908712038
0.151555463438
0.151196586998
0.150832109949
0.150462059788
0.150086464293
0.149705351514
0.149318749775
0.148926687673
0.148529194082
0.148126298126
0.147718029203
0.147304416975
0.146885491358
0.146461282539
0.146031820954
0.145597137288
0.145157262491
0.144712227763
0.14426206454
0.143806804518
0.143346479625
0.14288112204
0.142410764184
0.141935438713
0.141455178514
0.14097001671
0.140479986655
0.139985121931
0.139485456356
0.138981023964
0.138471859008
0.137957995967
0.137439469534
0.136916314622
0.136388566353
0.135856260058
0.135319431277
0.134778115767
0.134232349475
0.133682168554
0.133127609353
0.132568708418
0.132005502495
0.131438028523
0.130866323618
0.130290425089
0.129710370433
0.129126197322
0.128537943615
0.127945647343
0.127349346706
0.126749080089
0.126144886041
0.125536803273
0.124924870666
0.124309127256
0.123689612245
0.123066364995
0.122439425017
0.12180883197
0.121174625667
0.120536846066
0.119895533274
0.119250727533
0.118602469225
0.117950798866
0.117295757118
0.11663738476
0.115975722707
0.115310811995
0.11464269378
0.113971409361
0.113297000129
0.112619507599
0.111938973402
0.111255439278
0.110568947069
0.109879538733
0.109187256313
0.108492141968
0.107794237953
0.107093586609
0.106390230372
0.105684211766
0.104975573399
0.104264357972
0.103550608261
0.102834367118
0.102115677471
0.101394582325
0.100671124756
0.0999453479024
0.0992172949702
0.098487009225
0.0977545339992
0.09701991268
0.0962831887046
0.0955444055633
0.0948036067961
0.0940608359899
0.0933161367789
0.0925695528329
0.0918211278589
0.091070905604
0.0903189298496
0.0895652444041
0.0888098931041
0.088052919809
0.0872943684035
0.086534282804
0.0857727069224
0.0850096846974
0.0842452600783
0.0834794770227
0.0827123794934
0.0819440114627
0.0811744168945
0.0804036397647
0.0796317240405
0.0788587136779
0.0780846526279
0.0773095848276
0.0765335542018
0.0757566046645
0.0749787801018
0.07420012438
0.0734206813425
0.0726404948049
0.0718596085556
0.071078066349
0.0702959119026
0.0695131888998
0.068729940988
0.0679462117667
0.0671620447926
0.0663774835754
0.0655925715742
0.0648073522
0.0640218688005
0.0632361646752
0.062450283065
0.0616642671415
0.0608781600154
0.0600920047288
0.0593058442583
0.0585197215091
0.0577336793072
0.0569477604042
0.0561620074751
0.0553764631123
0.0545911698233
0.0538061700309
0.0530215060667
0.0522372201778
0.0514533545156
0.0506699511335
0.0498870519888
0.0491046989382
0.0483229337371
0.0475417980391
0.0467613333865
0.0459815812127
0.045202582842
0.0444243794857
0.0436470122374
0.042870522074
0.0420949498493
0.0413203362979
0.0405467220307
0.03977414753
0.0390026531488
0.0382322791084
0.0374630654991
0.036695052276
0.0359282792557
0.0351627861154
0.0343986123896
0.0336357974715
0.032874380608
0.0321144008988
0.0313558972926
0.0305989085863
0.0298434734234
0.0290896302919
0.0283374175236
0.0275868732883
0.0268380355947
0.0260909422879
0.025345631049
0.024602139391
0.0238605046571
0.0231207640188
0.0223829544756
0.021647112853
0.0209132757992
0.0201814797831
0.0194517610933
0.018724155837
0.017998699938
0.0172754291343
0.0165543789757
0.0158355848229
0.0151190818466
0.0144049050253
0.0136930891424
0.0129836687859
0.0122766783454
0.0115721520129
0.0108701237792
0.0101706274321
0.00947369655576
0.00877936452847
0.00808766452196
0.0073986294993
0.00671229221353
0.00602868520538
0.00534784080265
0.0046697911186
0.00399456805023
0.00332220327714
0.00265272825969
0.00198617423794
0.00132257223031
0.000661953031895
4.3472130176e-06
-0.000650214881794
-0.00130170313523
-0.00195008765859
-0.00259533879306
-0.00323742711112
-0.00387632341753
-0.00451199875068
-0.00514442438403
-0.00577357182724
-0.00639941282718
-0.00702191936939
-0.00764106367853
-0.00825681822098
-0.00886915570505
-0.00947804908152
-0.0100834715457
-0.0106853965378
-0.011283797745
-0.0118786491024
-0.0124699247924
-0.0130575992471
-0.0136416471492
-0.0142220434328
-0.0147987632852
-0.0153717821461
-0.0159410757091
-0.0165066199238
-0.0170683909966
-0.0176263653897
-0.0181805198238
-0.018730831277
-0.0192772769879
-0.0198198344563
-0.0203584814429
-0.020893195969
-0.0214239563187
-0.0219507410402
-0.0224735289463
-0.0229922991142
-0.0235070308864
-0.0240177038702
-0.0245242979426
-0.0250267932476
-0.0255251701955
-0.0260194094668
-0.0265094920092
-0.0269953990431
-0.027477112059
-0.0279546128182
-0.0284278833521
-0.0288969059648
-0.0293616632326
-0.0298221380044
-0.0302783134069
-0.0307301728353
-0.03117769996
-0.0316208787276
-0.03205969336
-0.0324941283529
-0.0329241684798
-0.0333497987863
-0.0337710045978
-0.034187771519
-0.0346000854276
-0.0350079324788
-0.0354112991053
-0.0358101720179
-0.0362045382072
-0.0365943849421
-0.0369796997668
-0.0373604705042
-0.0377366852587
-0.0381083324133
-0.0384754006273
-0.0388378788412
-0.039195756271
-0.0395490224177
-0.0398976670605
-0.0402416802542
-0.0405810523345
-0.0409157739154
-0.0412458358916
-0.0415712294381
-0.0418919460111
-0.0422079773395
-0.0425193154352
-0.0428259525891
-0.0431278813681
-0.0434250946227
-0.0437175854762
-0.0440053473331
-0.0442883738801
-0.0445666590806
-0.04484019717
-0.0451089826666
-0.0453730103629
-0.0456322753318
-0.0458867729221
-0.0461364987596
-0.0463814487413
-0.0466216190478
-0.0468570061347
-0.0470876067284
-0.0473134178328
-0.0475344367231
-0.0477506609534
-0.0479620883515
-0.0481687170188
-0.0483705453265
-0.0485675719193
-0.0487597957142
-0.0489472159015
-0.0491298319416
-0.0493076435635
-0.0494806507697
-0.0496488538299
-0.0498122532815
-0.0499708499326
-0.0501246448687
-0.0502736394259
-0.0504178352143
-0.0505572341119
-0.0506918382589
-0.0508216500621
-0.0509466721954
-0.0510669075854
-0.0511823594336
-0.0512930312047
-0.0513989266142
-0.0515000496451
-0.0515964045358
-0.051687995787
-0.0517748281624
-0.0518569066795
-0.0519342366091
-0.0520068234805
-0.0520746730795
-0.0521377914482
-0.0521961848783
-0.0522498599157
-0.0522988233548
-0.0523430822512
-0.0523826439042
-0.052417515861
-0.0524477059173
-0.0524732221161
-0.0524940727493
-0.0525102663574
-0.0525218117232
-0.0525287178676
-0.0525309940596
-0.0525286498092
-0.0525216948635
-0.052510139217
-0.0524939930915
-0.0524732669549
-0.052447971515
-0.052418117711
-0.0523837167112
-0.0523447799239
-0.0523013189842
-0.0522533457658
-0.0522008723681
-0.05214391112
-0.0520824745739
-0.0520165755171
-0.0519462269619
-0.0518714421391
-0.0517922345052
-0.0517086177364
-0.051620605735
-0.0515282126224
-0.051431452739
-0.0513303406378
-0.0512248910898
-0.0511151190817
-0.0510010398145
-0.0508826687023
-0.0507600213651
-0.0506331136397
-0.050501961566
-0.0503665813936
-0.0502269895829
-0.0500832027959
-0.0499352378848
-0.0497831119253
-0.0496268421816
-0.0494664461185
-0.0493019414018
-0.0491333458946
-0.0489606776535
-0.0487839549301
-0.0486031961628
-0.0484184199911
-0.0482296452411
-0.0480368909275
-0.0478401762503
-0.0476395205958
-0.047434943533
-0.0472264648181
-0.047014104391
-0.0467978823655
-0.0465778190352
-0.0463539348711
-0.0461262505246
-0.0458947868201
-0.0456595647521
-0.0454206054852
-0.0451779303565
-0.0449315608755
-0.0446815187169
-0.0444278257181
-0.0441705038793
-0.0439095753672
-0.0436450625112
-0.0433769877994
-0.0431053738759
-0.0428302435387
-0.0425516197472
-0.042269525615
-0.0419839844034
-0.0416950195266
-0.0414026545432
-0.0411069131665
-0.0408078192564
-0.0405053968121
-0.0401996699771
-0.0398906630347
-0.0395784004117
-0.0392629066726
-0.0389442065221
-0.0386223247938
-0.0382972864566
-0.037969116613
-0.0376378404951
-0.0373034834646
-0.0369660710112
-0.0366256287502
-0.0362821824197
-0.0359357578817
-0.035586381122
-0.035234078245
-0.0348788754649
-0.0345207991245
-0.0341598756745
-0.0337961316796
-0.0334295938173
-0.0330602888758
-0.0326882437531
-0.0323134854511
-0.0319360410743
-0.0315559378379
-0.0311732030581
-0.0307878641472
-0.0303999486202
-0.0300094840863
-0.0296164982541
-0.0292210189221
-0.028823073988
-0.0284226914381
-0.0280198993416
-0.0276147258619
-0.0272071992485
-0.0267973478335
-0.026385200033
-0.0259707843447
-0.0255541293483
-0.025135263701
-0.0247142161285
-0.0242910154431
-0.0238656905249
-0.0234382703264
-0.0230087838715
-0.0225772602524
-0.0221437286307
-0.0217082182323
-0.0212707583394
-0.0208313783093
-0.0203901075528
-0.0199469755411
-0.0195020118043
-0.0190552459288
-0.0186067075557
-0.0181564263774
-0.0177044321365
-0.0172507546301
-0.0167954237006
-0.0163384692372
-0.0158799211755
-0.0154198094957
-0.014958164219
-0.0144950154047
-0.0140303931542
-0.0135643276061
-0.013096848934
-0.0126279873468
-0.0121577730855
-0.0116862364245
-0.0112134076662
-0.0107393171405
-0.0102639952059
-0.00978747224695
-0.00930977866997
-0.00883094490483
-0.0083510014012
-0.0078699786293
-0.00738790707586
-0.00690481724513
-0.00642073965624
-0.00593570484114
-0.00544974334258
-0.00496288571601
-0.0044751625244
-0.00398660433851
-0.00349724173527
-0.00300710529644
-0.00251622560651
-0.00202463325174
-0.00153235881853
-0.00103943289256
-0.000545886056584
-5.17488892522e-05
0.000442948036029
0.000938174152808
0.00143389890287
0.0019300917375
0.00242672211955
0.00292375952432
0.00342117343962
0.00391893337015
0.0044170088364
0.00491536937678
0.00541398454931
0.00591282393257
0.00641185712776
0.00691105375949
0.00741038347411
0.00790981594843
0.00840932088404
0.00890886801151
0.00940842709199
0.00990796791816
0.0104074603157
0.0109068741431
0.0114061792923
0.011905345696
0.0124043433219
0.012903142177
0.0134017123092
0.0139000238089
0.0143980468093
0.0148957514837
0.0153931080544
0.0158900867901
0.0163866580062
0.0168827920671
0.0173784593881
0.0178736304373
0.0183682757349
0.0188623658482
0.019355871409
0.0198487631
0.020341011662
0.0208325878958
0.0213234626595
0.0218136068747
0.0223029915212
0.0227915876459
0.0232793663576
0.0237662988312
0.0242523563048
0.0247375100875
0.0252217315586
0.025704992165
0.0261872634227
0.0266685169185
0.027148724316
0.0276278573534
0.0281058878402
0.0285827876629
0.0290585287826
0.0295330832446
0.0300064231723
0.0304785207662
0.0309493483054
0.0314188781565
0.0318870827662
0.0323539346664
0.0328194064745
0.0332834708916
0.0337461007092
0.0342072688036
0.034666948142
0.035125111781
0.0355817328653
0.0360367846376
0.0364902404233
0.0369420736505
0.0373922578374
0.0378407665948
0.0382875736332
0.0387326527625
0.0391759778887
0.0396175230132
0.0400572622342
0.0404951697581
0.0409312198925
0.0413653870423
0.0417976457141
0.0422279705182
0.0426563361744
0.0430827175028
0.0435070894309
0.0439294269945
0.0443497053343
0.0447678997001
0.0451839854487
0.0455979380536
0.0460097330923
0.0464193462508
0.0468267533297
0.0472319302466
0.047634853034
0.048035497829
0.0484338408828
0.0488298585682
0.049223527375
0.0496148239072
0.0500037248856
0.0503902071399
0.0507742476312
0.0511558234416
0.0515349117624
0.05191148991
0.0522855353132
0.0526570255336
0.0530259382537
0.0533922512796
0.0537559425347
0.0541169900653
0.0544753720431
0.0548310667705
0.0551840526694
0.0555343082871
0.0558818123
0.0562265435101
0.0565684808459
0.0569076033647
0.0572438902532
0.0575773208278
0.0579078745257
0.0582355309247
0.0585602697294
0.0588820707638
0.059200914002
0.0595167795348
0.0598296475912
0.0601394985327
0.0604463128444
0.0607500711574
0.0610507542328
0.0613483429643
0.0616428183646
0.0619341616066
0.06222235398
0.0625073769153
0.0627892119824
0.0630678408769
0.0633432454417
0.0636154076427
0.0638843096013
0.0641499335653
0.064412261912
0.0646712771648
0.0649269619853
0.0651792991704
0.0654282716577
0.065673862521
0.0659160549754
0.0661548323701
0.0663901781955
0.0666220760936
0.0668505098372
0.0670754633169
0.0672969206008
0.067514865871
0.0677292834612
0.0679401578476
0.0681474736326
0.0683512155798
0.0685513685791
0.068747917666
0.0689408480211
0.0691301449578
0.0693157939418
0.0694977805654
0.0696760905785
0.0698507098638
0.0700216244433
0.0701888204946
0.0703522843261
0.0705120023888
0.0706679612678
0.0708201477182
0.0709685486148
0.0711131509749
0.0712539419611
0.071390908887
0.0715240392028
0.0716533204893
0.0717787404888
0.0719002870727
0.0720179482599
0.0721317122144
0.0722415672337
0.0723475017717
0.0724495044028
0.0725475638638
0.0726416690369
0.0727318089361
0.0728179726938
0.0729001496306
0.0729783291756
0.0730525009128
0.0731226545708
0.0731887800039
0.0732508672294
0.073308906391
0.073362887777
0.0734128018224
0.0734586390951
0.0735003903075
0.0735380463116
0.0735715981036
0.073601036815
0.0736263537169
0.0736475402332
0.0736645879195
0.0736774884567
0.0736862336772
0.0736908155753
0.073691226253
0.0736874579572
0.0736795030824
0.0736673541562
0.073651003852
0.0736304449635
0.0736056704446
0.0735766733647
0.0735434469486
0.0735059845617
0.0734642796973
0.0734183259578
0.0733681171329
0.0733136471161
0.0732549099429
0.0731918997947
0.0731246109716
0.0730530379253
0.072977175224
0.0728970175924
0.072812559875
0.0727237970502
0.072630724231
0.0725333366667
0.0724316297364
0.0723255989544
0.0722152399647
0.0721005485464
0.0719815206052
0.0718581521835
0.0717304394534
0.071598378709
0.0714619663908
0.0713211990508
0.0711760733852
0.0710265862126
0.0708727344744
0.0707145152532
0.0705519257537
0.0703849633133
0.0702136253647
0.0700379095122
0.069857813476
0.0696733350823
0.0694844722895
0.0692912231944
0.0690935860029
0.0688915590562
0.0686851408084
0.0684743298473
0.068259124876
0.0680395247217
0.0678155283402
0.0675871348017
0.0673543432953
0.0671171531254
0.0668755637498
0.0666295747228
0.0663791856903
0.0661243964614
0.0658652069382
0.0656016171512
0.0653336272502
0.0650612374828
0.0647844482364
0.0645032600061
0.0642176733965
0.0639276891339
0.0636333080563
0.0633345311234
0.0630313593803
0.0627237940206
0.0624118363298
0.0620954877051
0.0617747496688
0.0614496238396
0.0611201119564
0.0607862158488
0.0604479374861
0.0601052789297
0.059758242344
0.0594068300025
0.059051044294
0.0586908877068
0.0583263628398
0.0579574723921
0.0575842191696
0.0572066060858
0.0568246361549
0.0564383124942
0.0560476383224
0.0556526169672
0.0552532518431
0.0548495464813
0.0544415045047
0.0540291296338
0.0536124256964
0.0531913966146
0.0527660464143
0.0523363791981
0.051902399193
0.0514641107035
0.0510215181347
0.0505746259938
0.05012343887
0.0496679614594
0.0492081985319
0.048744154977
0.0482758357645
0.0478032459466
0.0473263906682
0.0468452751766
0.0463599047984
0.0458702849545
0.0453764211516
0.0448783189828
0.0443759841335
0.0438694223683
0.0433586395521
0.0428436416275
0.042324434604
0.0418010246029
0.0412734178132
0.0407416205111
0.0402056390585
0.0396654798907
0.0391211495349
0.0385726545865
0.0380200017317
0.037463197733
0.0369022494303
0.0363371637329
0.0357679476436
0.0351946082363
0.0346171526582
0.0340355881233
0.0334499219392
0.0328601614739
0.0322663141746
0.0316683875623
0.0310663892238
0.0304603268271
0.029850208105
0.0292360408612
0.0286178329724
0.0279955923825
0.0273693271009
0.0267390452097
0.026104754859
0.0254664642576
0.0248241816905
0.0241779155004
0.0235276740999
0.022873465965
0.0222152996292
0.0215531836979
0.0208871268335
0.0202171377608
0.0195432252671
0.0188653981968
0.0181836654597
0.0174980360163
0.0168085188938
0.0161151231727
0.0154178579907
0.0147167325456
0.0140117560878
0.0133029379248
0.0125902874141
0.0118738139762
0.0111535270796
0.0104294362448
0.00970155104511
0.00896988110797
0.00823443610943
0.00749522577582
0.00675225988405
0.00600554825974
0.00525510077703
0.00450092735807
0.00374303797203
0.00298144263502
0.0022161514085
0.00144717439996
0.000674521761304
-0.000101796311391
-0.000881769578441
-0.00166538775726
-0.00245264052294
-0.00324351750922
-0.00403800830781
-0.0048361024714
-0.00563778951141
-0.00644305890114
-0.0072519000743
-0.00806430242658
-0.00888025531767
-0.00969974806856
-0.0105227699656
-0.0113493102572
-0.0121793581599
-0.0130129028534
-0.0138499334821
-0.0146904391618
-0.0155344089729
-0.0163818319635
-0.01723269715
-0.018086993517
-0.0189447100241
-0.0198058355985
-0.0206703591306
-0.0215382694932
-0.022409555525
-0.0232842060383
-0.0241622098208
-0.0250435556304
-0.0259282322047
-0.0268162282458
-0.0277075324418
-0.0286021334577
-0.0295000199315
-0.0304011804643
-0.0313056036606
-0.0322132780832
-0.0331241922831
-0.0340383347919
-0.0349556941089
-0.0358762587315
-0.0368000171261
-0.0377269577427
-0.0386570690188
-0.0395903393677
-0.0405267571887
-0.041466310863
-0.0424089887633
-0.0433547792354
-0.0443036706126
-0.0452556512286
-0.0462107093904
-0.047168833394
-0.0481300115223
-0.0490942320466
-0.0500614832277
-0.051031753317
-0.0520050305615
-0.0529813031717
-0.0539605593818
-0.0549427874065
-0.055927975423
-0.056916111646
-0.0579071842636
-0.0589011814459
-0.0598980913752
-0.0608979022175
-0.0619006021414
-0.0629061792878
-0.0639146218244
-0.0649259178921
-0.0659400556363
-0.0669570232073
-0.0679768087351
-0.068999400366
-0.0700247862311
-0.0710529544688
-0.0720838932107
-0.0731175905865
-0.0741540347426
-0.0751932138153
-0.0762351159278
-0.077279729227
-0.0783270418511
-0.07937704194
-0.0804297176425
-0.0814850571074
-0.0825430484974
-0.083603679946
-0.0846669396233
-0.0857328157224
-0.0868012964169
-0.0878723698299
-0.0889460241839
-0.0900222476926
-0.0911010285306
-0.0921823549076
-0.0932662150498
-0.094352597164
-0.0954414895028
-0.0965328802902
-0.0976267577908
-0.0987231102631
-0.0998219259679
-0.100923193212
-0.102026900285
-0.103133035489
-0.10424158714
-0.105352543576
-0.106465893136
-0.107581624178
-0.10869972508
-0.109820184231
-0.110942990012
-0.11206813083
-0.113195595163
-0.114325371459
-0.11545744811
-0.116591813651
-0.117728456547
-0.118867365318
-0.120008528509
-0.121151934623
-0.122297572261
-0.123445429998
-0.124595496434
-0.125747760186
-0.12690220988
-0.128058834197
-0.129217621807
-0.13037856142
-0.13154164172
-0.132706851486
-0.133874179466
-0.135043614398
-0.13621514514
-0.137388760513
-0.138564449337
-0.13974220052
-0.140922002952
-0.142103845527
-0.143287717161
-0.144473606889
-0.145661503674
-0.146851396514
-0.148043274452
-0.14923712656
-0.150432941942
-0.151630709668
-0.152830418916
-0.154032058831
-0.155235618604
-0.156441087469
-0.157648454653
-0.158857709464
-0.160068841152
-0.161281839082
-0.162496692594
-0.163713391055
-0.16493192391
-0.166152280578
-0.167374450549
-0.168598423244
-0.169824188275
-0.171051735219
-0.172281053613
-0.173512133
-0.174744963135
-0.175979533678
-0.177215834315
-0.178453854785
-0.179693584849
-0.180935014302
-0.182178132992
-0.183422930796
-0.184669397556
-0.185917523234
-0.187167297805
-0.188418711182
-0.189671753444
-0.190926414642
-0.192182684847
-0.193440554198
-0.194700012828
-0.195961050962
-0.197223658762
-0.198487826533
-0.199753544528
-0.201020803065
-0.202289592532
-0.203559903282
-0.204831725776
-0.206105050429
-0.207379867764
-0.208656168293
-0.209933942559
-0.211213181203
-0.212493874842
-0.213776014135
-0.21505958978
-0.216344592526
-0.217631013134
-0.21891884241
-0.22020807122
-0.221498690456
-0.222790690991
-0.224084063817
-0.225378799906
-0.226674890273
-0.227972326
-0.229271098175
-0.230571197978
-0.231872616376
-0.23317534462
-0.234479374093
-0.235784696019
-0.237091301965
-0.238399183144
-0.23970833097
-0.241018736705
-0.242330391963
-0.243643288248
-0.244957417055
-0.246272769987
-0.247589338647
-0.248907114701
-0.250226089846
-0.25154625581
-0.252867604371
-0.254190127334
-0.255513816549
-0.256838663901
-0.258164661312
-0.259491800747
-0.260820074204
-0.262149473722
-0.263479991376
-0.264811619282
-0.266144349593
-0.267478174501
-0.268813086233
-0.27014907706
-0.271486139287
-0.27282426526
-0.27416344736
-0.275503678011
-0.276844949673
-0.278187254843
-0.27953058606
-0.280874935899
-0.282220296973
-0.283566661936
-0.284914023478
-0.28626237433
-0.287611707259
-0.288962015071
-0.290313290611
-0.291665526763
-0.293018716449
-0.294372852628
-0.295727928299
-0.2970839365
-0.298440870306
-0.299798722829
-0.301157487223
-0.302517156677
-0.303877724421
-0.305239183719
-0.306601527879
-0.307964750242
-0.30932884419
-0.310693803141
-0.312059620554
-0.313426289924
-0.314793804784
-0.316162158704
-0.317531345295
-0.318901358202
-0.320272191111
-0.321643837744
-0.32301629186
-0.324389547257
-0.325763597771
-0.327138437273
-0.328514059674
-0.329890458922
-0.331267629
-0.33264556393
-0.334024257772
-0.335403704622
-0.336783898612
-0.338164833913
-0.339546504732
-0.340928905312
-0.342312029934
-0.343695872914
-0.345080428608
-0.346465691404
-0.347851655728
-0.349238316045
-0.350625666853
-0.352013702686
-0.353402418117
-0.354791807752
-0.356181866234
-0.357572588242
-0.358963968491
-0.360356001731
-0.361748682746
-0.363142006359
-0.364535967424
-0.365930560834
-0.367325781515
-0.368721624428
-0.370118084569
-0.37151515697
-0.372912836695
-0.374311118847
-0.375709998558
-0.377109470998
-0.37850953137
-0.379910174911
-0.381311396892
-0.382713192619
-0.384115557431
-0.385518486699
-0.38692197583
-0.388326020263
-0.389730615471
-0.391135756959
-0.392541440266
-0.393947660963
-0.395354414656
-0.396761696981
-0.398169503607
-0.399577830237
-0.400986672604
-0.402396026475
-0.403805887648
-0.405216251954
-0.406627115252
-0.408038473438
-0.409450322436
-0.410862658202
-0.412275476723
-0.413688774018
-0.415102546135
-0.416516789155
-0.417931499187
-0.419346672374
-0.420762304885
-0.422178392923
-0.423594932719
-0.425011920535
-0.42642935266
-0.427847225417
-0.429265535154
-0.430684278252
-0.432103451119
-0.433523050192
-0.434943071937
-0.43636351285
-0.437784369454
-0.4392056383
-0.440627315969
-0.44204939907
-0.443471884237
-0.444894768135
-0.446318047456
-0.447741718917
-0.449165779266
-0.450590225274
-0.452015053744
-0.453440261501
-0.454865845399
-0.456291802318
-0.457718129164
-0.459144822871
-0.460571880397
-0.461999298725
-0.463427074867
-0.464855205857
-0.466283688757
-0.467712520653
-0.469141698655
-0.470571219899
-0.472001081547
-0.473431280782
-0.474861814815
-0.476292680879
-0.477723876232
-0.479155398154
-0.480587243952
-0.482019410953
-0.483451896509
-0.484884697995
-0.48631781281
-0.487751238373
-0.489184972129
-0.490619011544
-0.492053354105
-0.493487997322
-0.494922938729
-0.496358175878
-0.497793706346
-0.499229527729
-0.500665637647
-0.502102033737
-0.50353871366
-0.504975675098
-0.506412915752
-0.507850433344
-0.509288225615
-0.510726290328
-0.512164625265
-0.513603228228
-0.515042097037
-0.516481229534
-0.517920623577
-0.519360277045
-0.520800187836
-0.522240353865
-0.523680773067
-0.525121443395
-0.526562362819
-0.528003529328
-0.529444940928
-0.530886595643
-0.532328491514
-0.533770626601
-0.535212998977
-0.536655606736
-0.538098447987
-0.539541520854
-0.54098482348
-0.542428354022
-0.543872110655
-0.545316091567
-0.546760294963
-0.548204719065
-0.549649362108
-0.551094222342
-0.552539298034
-0.553984587463
-0.555430088925
-0.556875800729
-0.558321721197
-0.559767848667
-0.561214181491
-0.562660718032
-0.564107456669
-0.565554395794
-0.56700153381
-0.568448869135
-0.5698964002
-0.571344125446
-0.572792043328
-0.574240152315
-0.575688450884
-0.577136937527
-0.578585610746
-0.580034469057
-0.581483510983
-0.582932735061
-0.58438213984
-0.585831723876
-0.58728148574
-0.588731424009
-0.590181537274
-0.591631824133
-0.593082283197
-0.594532913085
-0.595983712423
-0.597434679852
-0.598885814017
-0.600337113576
-0.601788577192
-0.603240203539
-0.604691991299
-0.606143939162
-0.607596045828
-0.609048310001
-0.610500730397
-0.611953305737
-0.61340603475
-0.614858916172
-0.616311948746
-0.617765131224
-0.619218462362
-0.620671940923
-0.622125565678
-0.623579335402
-0.625033248879
-0.626487304895
-0.627941502244
-0.629395839727
-0.630850316146
-0.632304930313
-0.633759681042
-0.635214567151
-0.636669587466
-0.638124740816
-0.639580026032
-0.641035441953
-0.642490987419
-0.643946661275
-0.645402462371
-0.646858389557
-0.648314441689
-0.649770617626
-0.651226916229
-0.652683336362
-0.654139876893
-0.65559653669
-0.657053314625
-0.658510209571
-0.659967220405
-0.661424346004
-0.662881585247
-0.664338937014
-0.665796400188
-0.667253973651
-0.668711656287
-0.670169446982
-0.67162734462
-0.673085348088
-0.674543456271
-0.676001668056
-0.677459982329
-0.678918397977
-0.680376913886
-0.68183552894
-0.683294242024
-0.684753052023
-0.686211957819
-0.687670958293
-0.689130052327
-0.6905892388
-0.692048516588
-0.693507884567
-0.694967341611
-0.696426886592
-0.697886518379
-0.699346235838
-0.700806037835
-0.70226592323
-0.703725890883
-0.705185939649
-0.706646068381
-0.708106275928
-0.709566561136
-0.711026922846
-0.712487359897
-0.713947871123
-0.715408455354
-0.716869111416
-0.718329838131
-0.719790634315
-0.721251498781
-0.722712430336
-0.724173427781
-0.725634489915
-0.727095615528
-0.728556803408
-0.730018052334
-0.731479361081
-0.732940728419
-0.73440215311
-0.735863633911
-0.737325169571
-0.738786758835
-0.74024840044
-0.741710093116
-0.743171835585
-0.744633626565
-0.746095464764
-0.747557348883
-0.749019277616
-0.750481249649
-0.751943263662
-0.753405318323
-0.754867412296
-0.756329544235
-0.757791712784
-0.759253916581
-0.760716154255
-0.762178424424
-0.7636407257
-0.765103056683
-0.766565415966
-0.768027802131
-0.769490213752
-0.770952649392
-0.772415107605
-0.773877586934
-0.775340085913
-0.776802603066
-0.778265136905
-0.779727685933
-0.781190248642
-0.782652823513
-0.784115409016
-0.78557800361
-0.787040605742
-0.788503213851
-0.789965826359
-0.791428441682
-0.792891058221
-0.794353674366
-0.795816288494
-0.797278898972
-0.798741504152
-0.800204102377
-0.801666691975
-0.803129271261
-0.804591838539
-0.806054392099
-0.807516930219
-0.808979451162
-0.810441953178
-0.811904434506
-0.813366893369
-0.814829327977
-0.816291736527
-0.817754117199
-0.819216468163
-0.820678787573
-0.822141073568
-0.823603324273
-0.825065537799
-0.826527712242
-0.827989845682
-0.829451936187
-0.830913981807
-0.832375980577
-0.833837930519
-0.835299829637
-0.83676167592
-0.838223467344
-0.839685201864
-0.841146877424
-0.84260849195
-0.84407004335
-0.845531529519
-0.846992948334
-0.848454297655
-0.849915575325
-0.851376779173
-0.852837907007
-0.854298956622
-0.855759925793
-0.857220812279
-0.858681613821
-0.860142328143
-0.861602952952
-0.863063485935
-0.864523924764
-0.865984267091
-0.867444510552
-0.868904652762
-0.870364691319
-0.871824623804
-0.873284447778
-0.874744160783
-0.876203760343
-0.877663243963
-0.87912260913
-0.88058185331
-0.882040973951
-0.883499968481
-0.884958834309
-0.886417568825
-0.887876169399
-0.88933463338
-0.8907929581
-0.892251140867
-0.893709178973
-0.895167069687
-0.89662481026
-0.898082397919
-0.899539829875
-0.900997103315
-0.902454215407
-0.903911163297
-0.90536794411
-0.906824554953
-0.908280992907
-0.909737255035
-0.911193338378
-0.912649239956
-0.914104956766
-0.915560485784
-0.917015823965
-0.918470968242
-0.919925915524
-0.9213806627
-0.922835206637
-0.924289544179
-0.925743672147
-0.92719758734
-0.928651286535
-0.930104766486
-0.931558023924
-0.933011055557
-0.934463858071
-0.935916428127
-0.937368762365
-0.9388208574
-0.940272709825
-0.941724316208
-0.943175673095
-0.944626777008
-0.946077624445
-0.947528211878
-0.94897853576
-0.950428592515
-0.951878378546
-0.953327890231
-0.954777123922
-0.956226075949
-0.957674742616
-0.959123120203
-0.960571204966
-0.962018993134
-0.963466480914
-0.964913664485
-0.966360540004
-0.9678071036
-0.969253351379
-0.97069927942
-0.972144883778
-0.973590160482
-0.975035105534
-0.976479714913
-0.97792398457
-0.979367910431
-0.980811488396
-0.98225471434
-0.983697584109
-0.985140093525
-0.986582238385
-0.988024014456
-0.989465417481
-0.990906443176
-0.992347087231
-0.993787345308
-0.995227213043
-0.996666686044
-0.998105759895
-0.999544430148
-1.00098269233
-1.00242054195
-1.00385797447
-1.00529498534
-1.00673156999
-1.00816772379
-1.00960344212
-1.0110387203
-1.01247355365
-1.01390793745
-1.01534186695
-1.01677533737
-1.01820834391
-1.01964088174
-1.02107294599
-1.02250453178
-1.0239356342
-1.02536624828
-1.02679636907
-1.02822599155
-1.0296551107
-1.03108372146
-1.03251181873
-1.03393939741
-1.03536645233
-1.03679297833
-1.03821897021
-1.03964442271
-1.0410693306
-1.04249368856
-1.04391749128
-1.0453407334
-1.04676340955
-1.04818551431
-1.04960704225
-1.05102798789
-1.05244834573
-1.05386811024
-1.05528727586
-1.05670583701
-1.05812378805
-1.05954112335
-1.06095783722
-1.06237392395
-1.06378937779
-1.06520419298
-1.06661836372
-1.06803188416
-1.06944474846
-1.07085695071
-1.07226848499
-1.07367934534
-1.07508952578
-1.07649902029
-1.07790782282
-1.0793159273
-1.0807233276
-1.0821300176
-1.08353599112
-1.08494124195
-1.08634576386
-1.08774955058
-1.08915259581
-1.09055489323
-1.09195643647
-1.09335721914
-1.09475723482
-1.09615647705
-1.09755493934
-1.09895261517
-1.10034949799
-1.10174558122
-1.10314085824
-1.1045353224
-1.10592896703
-1.10732178541
-1.1087137708
-1.11010491642
-1.11149521546
-1.11288466109
-1.11427324643
-1.11566096457
-1.11704780857
-1.11843377148
-1.11981884627
-1.12120302593
-1.12258630337
-1.1239686715
-1.12535012318
-1.12673065125
-1.1281102485
-1.12948890772
-1.13086662162
-1.13224338291
-1.13361918427
-1.13499401832
-1.13636787767
-1.13774075489
-1.13911264251
-1.14048353305
-1.14185341896
-1.14322229269
-1.14459014664
-1.14595697318
-1.14732276464
-1.14868751334
-1.15005121153
-1.15141385146
-1.15277542533
-1.15413592531
-1.15549534353
-1.1568536721
-1.15821090308
-1.15956702852
-1.1609220404
-1.16227593071
-1.16362869137
-1.16498031428
-1.16633079131
-1.16768011429
-1.16902827503
-1.17037526528
-1.17172107677
-1.17306570121
-1.17440913025
-1.17575135552
-1.17709236863
-1.17843216113
-1.17977072454
-1.18110805036
-1.18244413005
-1.18377895503
-1.18511251669
-1.1864448064
-1.18777581546
-1.18910553518
-1.19043395679
-1.19176107153
-1.19308687058
-1.19441134508
-1.19573448617
-1.1970562849
-1.19837673235
-1.19969581952
-1.20101353738
-1.20232987689
-1.20364482896
-1.20495838446
-1.20627053423
-1.20758126909
-1.2088905798
-1.21019845711
-1.21150489172
-1.2128098743
-1.21411339549
-1.21541544589
-1.21671601606
-1.21801509654
-1.21931267783
-1.22060875039
-1.22190330465
-1.22319633101
-1.22448781983
-1.22577776143
-1.2270661461
-1.22835296411
-1.22963820568
-1.230921861
-1.23220392021
-1.23348437345
-1.2347632108
-1.2360404223
-1.23731599798
-1.23858992782
-1.23986220177
-1.24113280974
-1.24240174162
-1.24366898724
-1.24493453642
-1.24619837893
-1.24746050453
-1.24872090291
-1.24997956376
-1.25123647671
-1.25249163137
-1.25374501731
-1.25499662407
-1.25624644115
-1.25749445802
-1.25874066412
-1.25998504885
-1.26122760158
-1.26246831163
-1.26370716831
-1.26494416089
-1.2661792786
-1.26741251063
-1.26864384614
-1.26987327427
-1.27110078412
-1.27232636474
-1.27355000516
-1.27477169439
-1.27599142137
-1.27720917504
-1.27842494429
-1.27963871798
-1.28085048494
-1.28206023396
-1.28326795379
-1.28447363318
-1.2856772608
-1.28687882533
-1.28807831537
-1.28927571954
-1.29047102638
-1.29166422443
-1.29285530217
-1.29404424807
-1.29523105055
-1.29641569801
-1.2975981788
-1.29877848127
-1.2999565937
-1.30113250435
-1.30230620146
-1.30347767322
-1.30464690779
-1.30581389331
-1.30697861788
-1.30814106957
-1.3093012364
-1.31045910638
-1.31161466749
-1.31276790765
-1.31391881477
-1.31506737673
-1.31621358137
-1.31735741649
-1.31849886988
-1.31963792928
-1.32077458239
-1.32190881692
-1.32304062049
-1.32416998074
-1.32529688525
-1.32642132157
-1.32754327724
-1.32866273973
-1.32977969652
-1.33089413504
-1.33200604268
-1.33311540681
-1.33422221477
-1.33532645387
-1.33642811138
-1.33752717455
-1.33862363059
-1.33971746669
-1.34080867
-1.34189722764
-1.34298312671
-1.34406635427
-1.34514689735
-1.34622474296
-1.34729987806
-1.34837228961
-1.34944196451
-1.35050888965
-1.35157305188
-1.35263443803
-1.3536930349
-1.35474882924
-1.3558018078
-1.35685195728
-1.35789926437
-1.35894371571
-1.35998529793
-1.36102399761
-1.36205980133
-1.36309269562
-1.36412266698
-1.3651497019
-1.36617378683
-1.36719490819
-1.36821305237
-1.36922820575
-1.37024035466
-1.37124948542
-1.37225558432
-1.3732586376
-1.3742586315
-1.37525555223
-1.37624938596
-1.37724011884
-1.37822773699
-1.37921222651
-1.38019357348
-1.38117176393
-1.38214678388
-1.38311861932
-1.38408725623
-1.38505268053
-1.38601487814
-1.38697383496
-1.38792953684
-1.38888196963
-1.38983111913
-1.39077697113
-1.3917195114
-1.39265872567
-1.39359459966
-1.39452711905
-1.39545626952
-1.39638203669
-1.3973044062
-1.39822336362
-1.39913889453
-1.40005098448
-1.40095961898
-1.40186478354
-1.40276646363
-1.4036646447
-1.40455931218
-1.40545045148
-1.40633804798
-1.40722208705
-1.40810255402
-1.40897943422
-1.40985271293
-1.41072237544
-1.41158840699
-1.41245079282
-1.41330951813
-1.41416456812
-1.41501592795
-1.41586358277
-1.41670751771
-1.41754771786
-1.41838416833
-1.41921685417
-1.42004576043
-1.42087087214
-1.4216921743
-1.4225096519
-1.42332328991
-1.42413307328
-1.42493898693
-1.42574101579
-1.42653914474
-1.42733335866
-1.4281236424
-1.42890998081
-1.4296923587
-1.43047076088
-1.43124517214
-1.43201557724
-1.43278196094
-1.43354430798
-1.43430260307
-1.43505683091
-1.4358069762
-1.43655302359
-1.43729495776
-1.43803276333
-1.43876642493
-1.43949592717
-1.44022125464
-1.44094239193
-1.44165932359
-1.44237203417
-1.44308050822
-1.44378473025
-1.44448468477
-1.44518035628
-1.44587172925
-1.44655878816
-1.44724151747
-1.4479199016
-1.44859392501
-1.44926357209
-1.44992882727
-1.45058967493
-1.45124609945
-1.45189808521
-1.45254561657
-1.45318867788
-1.45382725348
-1.45446132769
-1.45509088483
-1.45571590922
-1.45633638515
-1.4569522969
-1.45756362877
-1.45817036502
-1.45877248991
-1.45936998769
-1.45996284261
-1.46055103892
-1.46113456082
-1.46171339256
-1.46228751834
-1.46285692237
-1.46342158885
-1.46398150198
-1.46453664593
-1.4650870049
-1.46563256305
-1.46617330456
-1.46670921359
-1.46724027431
-1.46776647085
-1.46828778738
-1.46880420804
-1.46931571697
-1.46982229831
-1.47032393619
-1.47082061474
-1.47131231809
-1.47179903036
-1.47228073568
-1.47275741816
-1.47322906193
-1.4736956511
-1.47415716977
-1.47461360208
-1.47506493212
-1.47551114402
-1.47595222188
-1.47638814981
-1.47681891192
-1.47724449233
-1.47766487515
-1.47808004449
-1.47848998447
-1.4788946792
-1.4792941128
-1.47968826939
-1.4800771331
-1.48046068804
-1.48083891835
-1.48121180816
-1.48157934161
-1.48194150282
-1.48229827595
-1.48264964515
-1.48299559455
-1.48333610833
-1.48367117064
-1.48400076566
-1.48432487754
-1.48464349049
-1.48495658867
-1.48526415629
-1.48556617754
-1.48586263663
-1.48615351777
-1.4864388052
-1.48671848314
-1.48699253582
-1.48726094751
-1.48752370245
-1.48778078491
-1.48803217918
-1.48827786953
-1.48851784028
-1.48875207571
-1.48898056016
-1.48920327795
-1.48942021343
-1.48963135094
-1.48983667487
-1.49003616958
-1.49022981946
-1.49041760893
-1.4905995224
-1.49077554431
-1.49094565909
-1.49110985122
-1.49126810516
-1.49142040541
-1.49156673648
-1.49170708288
-1.49184142916
-1.49196975987
-1.49209205959
-1.49220831289
-1.4923185044
-1.49242261872
-1.49252064051
-1.49261255443
-1.49269834514
-1.49277799736
-1.4928514958
-1.49291882519
-1.4929799703
-1.49303491591
-1.4930836468
-1.4931261478
-1.49316240376
-1.49319239953
-1.49321612
-1.49323355007
-1.49324467469
-1.49324947879
-1.49324794736
-1.49324006541
-1.49322581794
-1.49320519002
-1.49317816671
-1.49314473312
-1.49310487437
-1.49305857561
-1.49300582202
-1.4929465988
-1.49288089119
-1.49280868443
-1.49272996382
-1.49264471467
-1.49255292231
-1.49245457213
-1.49234964952
-1.4922381399
-1.49212002874
-1.49199530153
-1.49186394378
-1.49172594104
-1.4915812789
-1.49142994296
-1.49127191888
-1.49110719232
-1.490935749
-1.49075757466
-1.49057265506
-1.49038097604
-1.49018252341
-1.48997728307
-1.48976524092
-1.48954638292
-1.48932069504
-1.4890881633
-1.48884877375
-1.48860251249
-1.48834936565
-1.48808931939
-1.48782235991
-1.48754847346
-1.48726764631
-1.48697986478
-1.48668511523
-1.48638338405
-1.48607465768
-1.4857589226
-1.48543616533
-1.48510637241
-1.48476953046
-1.48442562611
-1.48407464604
-1.48371657698
-1.4833514057
-1.48297911901
-1.48259970377
-1.48221314686
-1.48181943524
-1.48141855589
-1.48101049585
-1.48059524218
-1.48017278202
-1.47974310254
-1.47930619095
-1.47886203451
-1.47841062053
-1.47795193638
-1.47748596945
-1.4770127072
-1.47653213713
-1.4760442468
-1.4755490238
-1.47504645579
-1.47453653046
-1.47401923557
-1.47349455892
-1.47296248836
-1.4724230118
-1.47187611719
-1.47132179255
-1.47076002594
-1.47019080546
-1.4696141193
-1.46902995568
-1.46843830286
-1.46783914919
-1.46723248305
-1.46661829288
-1.46599656718
-1.4653672945
-1.46473046346
-1.46408606271
-1.463434081
-1.46277450709
-1.46210732983
-1.46143253812
-1.46075012091
-1.46006006722
-1.45936236612
-1.45865700676
-1.45794397833
-1.45722327007
-1.45649487132
-1.45575877144
-1.45501495989
-1.45426342615
-1.4535041598
-1.45273715047
-1.45196238783
-1.45117986166
-1.45038956176
-1.44959147801
-1.44878560037
-1.44797191885
-1.44715042351
-1.44632110451
-1.44548395206
-1.44463895643
-1.44378610795
-1.44292539705
-1.44205681419
-1.44118034993
-1.44029599487
-1.43940373969
-1.43850357515
-1.43759549206
-1.43667948132
-1.43575553389
-1.43482364079
-1.43388379312
-1.43293598206
-1.43198019885
-1.4310164348
-1.4300446813
-1.42906492982
-1.42807717188
-1.42708139909
-1.42607760313
-1.42506577575
-1.42404590878
-1.42301799413
-1.42198202376
-1.42093798974
-1.41988588419
-1.41882569932
-1.4177574274
-1.4166810608
-1.41559659196
-1.41450401337
-1.41340331763
-1.41229449742
-1.41117754547
-1.41005245462
-1.40891921776
-1.40777782789
-1.40662827807
-1.40547056143
-1.40430467121
-1.40313060071
-1.40194834332
-1.4007578925
-1.39955924181
-1.39835238488
-1.39713731543
-1.39591402725
-1.39468251422
-1.3934427703
-1.39219478956
-1.39093856611
-1.38967409418
-1.38840136806
-1.38712038216
-1.38583113092
-1.38453360893
-1.38322781082
-1.38191373132
-1.38059136525
-1.37926070752
-1.37792175311
-1.37657449711
-1.37521893468
-1.37385506109
-1.37248287167
-1.37110236186
-1.36971352718
-1.36831636325
-1.36691086577
-1.36549703053
-1.36407485342
-1.3626443304
-1.36120545755
-1.35975823102
-1.35830264705
-1.356838702
-1.35536639228
-1.35388571444
-1.35239666508
-1.35089924091
-1.34939343875
-1.34787925548
-1.34635668811
-1.34482573371
-1.34328638948
-1.34173865268
-1.34018252069
-1.33861799098
-1.3370450611
-1.33546372872
-1.33387399159
-1.33227584756
-1.33066929459
-1.32905433071
-1.32743095407
-1.32579916292
-1.32415895558
-1.3225103305
-1.32085328621
-1.31918782134
-1.31751393463
-1.31583162492
-1.31414089112
-1.31244173228
-1.31073414752
-1.30901813608
-1.30729369728
-1.30556083057
-1.30381953547
-1.30206981162
-1.30031165876
-1.29854507672
-1.29677006544
-1.29498662497
-1.29319475546
-1.29139445714
-1.28958573037
-1.2877685756
-1.2859429934
-1.28410898442
-1.28226654942
-1.28041568927
-1.27855640495
-1.27668869754
-1.2748125682
-1.27292801824
-1.27103504905
-1.26913366211
-1.26722385904
-1.26530564154
-1.26337901143
-1.26144397062
-1.25950052115
-1.25754866514
-1.25558840485
-1.2536197426
-1.25164268087
-1.24965722221
-1.24766336929
-1.24566112489
-1.24365049189
-1.24163147329
-1.23960407218
-1.23756829178
-1.23552413541
-1.23347160649
-1.23141070856
-1.22934144526
-1.22726382035
-1.2251778377
-1.22308350127
-1.22098081515
-1.21886978354
-1.21675041074
-1.21462270115
-1.21248665932
-1.21034228986
-1.20818959753
-1.20602858719
-1.20385926379
-1.20168163243
-1.19949569829
-1.19730146667
-1.19509894299
-1.19288813276
-1.19066904164
-1.18844167536
-1.18620603979
-1.18396214089
-1.18170998477
-1.1794495776
-1.17718092571
-1.17490403552
-1.17261891355
-1.17032556647
-1.16802400103
-1.16571422411
-1.16339624269
-1.16107006388
-1.15873569489
-1.15639314305
-1.1540424158
-1.1516835207
-1.14931646542
-1.14694125773
-1.14455790555
-1.14216641687
-1.13976679982
-1.13735906265
-1.1349432137
-1.13251926145
-1.13008721448
-1.12764708147
-1.12519887126
-1.12274259275
-1.120278255
-1.11780586715
-1.11532543848
-1.11283697838
-1.11034049633
-1.10783600196
-1.10532350499
-1.10280301527
-1.10027454276
-1.09773809754
-1.09519368978
-1.0926413298
-1.09008102802
-1.08751279497
-1.0849366413
-1.08235257777
-1.07976061527
-1.07716076479
-1.07455303744
-1.07193744444
-1.06931399714
-1.066682707
-1.06404358558
-1.06139664457
-1.05874189578
-1.05607935111
-1.05340902261
-1.05073092241
-1.04804506279
-1.04535145611
-1.04265011488
-1.03994105169
-1.03722427928
-1.03449981047
-1.03176765823
-1.02902783561
-1.02628035581
-1.02352523211
-1.02076247794
-1.01799210681
-1.01521413237
-1.01242856838
-1.00963542871
-1.00683472733
-1.00402647836
-1.00121069601
-0.998387394597
-0.995556588574
-0.992718292495
-0.989872521032
-0.987019288971
-0.984158611209
-0.981290502761
-0.978414978753
-0.975532054427
-0.972641745135
-0.969744066347
-0.966839033643
-0.963926662717
-0.961006969378
-0.958079969546
-0.955145679255
-0.952204114652
-0.949255291996
-0.946299227659
-0.943335938126
-0.940365439994
-0.937387749972
-0.934402884882
-0.931410861656
-0.928411697342
-0.925405409095
-0.922392014184
-0.91937152999
-0.916343974004
-0.913309363829
-0.910267717179
-0.907219051879
-0.904163385864
-0.901100737178
-0.898031123979
-0.894954564533
-0.891871077215
-0.888780680512
-0.88568339302
-0.882579233443
-0.879468220598
-0.876350373407
-0.873225710903
-0.870094252228
-0.866956016631
-0.863811023472
-0.860659292217
-0.857500842441
-0.854335693825
-0.85116386616
-0.847985379344
-0.844800253381
-0.841608508381
-0.838410164564
-0.835205242255
-0.831993761883
-0.828775743986
-0.825551209206
-0.822320178293
-0.819082672099
-0.815838711584
-0.812588317812
-0.80933151195
-0.806068315271
-0.802798749153
-0.799522835075
-0.796240594623
-0.792952049484
-0.789657221449
-0.786356132411
-0.783048804368
-0.779735259417
-0.776415519759
-0.773089607697
-0.769757545634
-0.766419356076
-0.763075061629
-0.759724685
-0.756368248995
-0.753005776521
-0.749637290587
-0.746262814298
-0.742882370859
-0.739495983576
-0.736103675851
-0.732705471186
-0.72930139318
-0.72589146553
-0.722475712031
-0.719054156573
-0.715626823145
-0.712193735832
-0.708754918813
-0.705310396365
-0.70186019286
-0.698404332764
-0.694942840639
-0.69147574114
-0.688003059018
-0.684524819115
-0.68104104637
-0.677551765811
-0.674057002562
-0.670556781837
-0.667051128943
-0.663540069279
-0.660023628334
-0.656501831689
-0.652974705015
-0.649442274073
-0.645904564714
-0.642361602879
-0.638813414596
-0.635260025984
-0.631701463248
-0.628137752684
-0.624568920672
-0.620994993681
-0.617415998267
-0.61383196107
-0.610242908819
-0.606648868327
-0.603049866492
-0.599445930296
-0.595837086807
-0.592223363176
-0.588604786637
-0.584981384508
-0.581353184189
-0.577720213163
-0.574082498993
-0.570440069326
-0.566792951888
-0.563141174486
-0.559484765008
-0.555823751419
-0.552158161768
-0.548488024179
-0.544813366855
-0.541134218078
-0.537450606206
-0.533762559675
-0.530070106997
-0.526373276762
-0.522672097631
-0.518966598347
-0.515256807721
-0.511542754643
-0.507824468076
-0.504101977054
-0.500375310687
-0.496644498156
-0.492909568713
-0.489170551683
-0.485427476463
-0.481680372518
-0.477929269384
-0.474174196669
-0.470415184046
-0.466652261259
-0.462885458121
-0.459114804512
-0.455340330377
-0.45156206573
-0.447780040652
-0.443994285288
-0.440204829848
-0.436411704607
-0.432614939907
-0.428814566148
-0.425010613799
-0.421203113389
-0.417392095509
-0.413577590811
-0.409759630011
-0.405938243884
-0.402113463264
-0.398285319047
-0.394453842186
-0.390619063694
-0.386781014641
-0.382939726155
-0.379095229422
-0.375247555684
-0.371396736237
-0.367542802435
-0.363685785685
-0.359825717451
-0.355962629249
-0.352096552647
-0.348227519268
-0.344355560786
-0.340480708928
-0.336602995471
-0.332722452242
-0.328839111121
-0.324953004033
-0.321064162956
-0.317172619913
-0.313278406979
-0.309381556273
-0.305482099961
-0.301580070256
-0.297675499417
-0.293768419748
-0.289858863596
-0.285946863353
-0.282032451456
-0.278115660381
-0.274196522651
-0.270275070826
-0.266351337511
-0.262425355349
-0.258497157024
-0.25456677526
-0.250634242818
-0.2466995925
-0.242762857142
-0.238824069622
-0.234883262849
-0.230940469773
-0.226995723376
-0.223049056677
-0.219100502727
-0.215150094613
-0.211197865453
-0.207243848399
-0.203288076635
-0.199330583374
-0.195371401863
-0.191410565377
-0.187448107221
-0.183484060729
-0.179518459263
-0.175551336214
-0.171582724999
-0.167612659062
-0.163641171873
-0.159668296928
-0.155694067747
-0.151718517873
-0.147741680877
-0.143763590347
-0.139784279899
-0.135803783167
-0.131822133808
-0.1278393655
-0.123855511939
-0.119870606843
-0.115884683946
-0.111897777003
-0.107909919785
-0.103921146081
-0.0999314896944
-0.095940984447
-0.0919496641744
-0.0879575627271
-0.0839647139696
-0.0799711517796
-0.075976910048
-0.0719820226775
-0.0679865235827
-0.0639904466889
-0.0599938259319
-0.0559966952573
-0.0519990886197
-0.0480010399824
-0.0440025833165
-0.0400037526005
-0.0360045818197
-0.0320051049653
-0.0280053560341
-0.0240053690279
-0.0200051779525
-0.0160048168176
-0.0120043196359
-0.00800372042251
-0.00400305319441
-2.35196978849e-06
