2.0
1.99999619642
1.99998119191
1.99995618533
1.99992118091
1.99987616679
1.99982114005
1.99975610771
1.99968108278
1.99959606483
1.99950103897
1.99939601513
1.99928100909
1.99915600473
1.99902098645
1.99887596137
1.99872094274
1.99855594985
1.99838100801
1.99819610043
1.99800118432
1.99779627151
1.99758138017
1.99735653452
1.99712176481
1.99687708301
1.99662245169
1.99635787266
1.99608335025
1.99579888904
1.99550449389
1.99520017005
1.99488592318
1.99456175924
1.99422768221
1.99388369694
1.99352980894
1.99316602403
1.99279234833
1.99240878837
1.99201535115
1.99161204421
1.99119887394
1.99077584591
1.99034296718
1.98990024512
1.98944768749
1.98898530247
1.98851309877
1.98803108568
1.98753927205
1.98703766297
1.98652626627
1.98600509049
1.98547414448
1.98493343754
1.98438297949
1.98382278069
1.98325285205
1.98267320073
1.98208383477
1.98148476384
1.98087599792
1.98025754744
1.97962942324
1.97899163677
1.97834420009
1.97768712373
1.97702041576
1.9763440871
1.97565814909
1.97496261346
1.97425749242
1.97354279874
1.97281854587
1.97208474714
1.971341411
1.97058854878
1.96982617293
1.9690542963
1.96827293217
1.96748209439
1.96668179744
1.9658720565
1.96505288415
1.96422429263
1.96338629585
1.96253890788
1.96168214288
1.96081601513
1.959940539
1.95905572895
1.95816159949
1.95725816519
1.95634544063
1.95542344045
1.95449217925
1.95355167173
1.95260193529
1.95164298687
1.95067484231
1.94969751755
1.94871102861
1.94771539156
1.94671062253
1.94569673768
1.94467375324
1.94364168544
1.94260055055
1.94155036485
1.94049114464
1.93942290648
1.93834567207
1.93725946104
1.93616429129
1.93506018076
1.93394714743
1.93282520925
1.93169438419
1.93055469017
1.92940614508
1.92824876675
1.92708257292
1.92590758125
1.92472380931
1.92353127518
1.92233000438
1.92112001868
1.91990133788
1.91867398186
1.91743797052
1.91619332378
1.91494006157
1.91367820383
1.9124077705
1.91112878147
1.90984125663
1.90854521583
1.90724067889
1.90592766638
1.90460620511
1.90327631792
1.9019380264
1.90059135215
1.89923631676
1.89787294183
1.8965012489
1.89512125951
1.89373299511
1.89233647712
1.89093172687
1.88951876563
1.88809761458
1.88666829617
1.88523084011
1.88378527083
1.88233161162
1.8808698858
1.87940011669
1.87792232761
1.87643654185
1.87494278265
1.87344107322
1.87193143671
1.87041389622
1.86888847475
1.86735519525
1.86581408228
1.8642651667
1.8627084741
1.86114402933
1.85957185724
1.85799198267
1.85640443041
1.85480922523
1.85320639185
1.85159595491
1.84997793898
1.84835236857
1.84671926808
1.84507866183
1.84343057638
1.84177504435
1.84011209256
1.8384417473
1.83676403488
1.83507898155
1.83338661355
1.83168695706
1.82998003819
1.82826588297
1.82654451737
1.82481596724
1.82308025834
1.82133741635
1.81958746975
1.81783045224
1.81606639172
1.8142953158
1.81251725206
1.81073222805
1.80894027124
1.80714140908
1.80533566892
1.80352307803
1.8017036636
1.7998774527
1.7980444723
1.79620474927
1.79435831329
1.79250519726
1.79064542951
1.78877903827
1.78690605314
1.78502650367
1.78314041925
1.78124782921
1.77934876256
1.77744324839
1.77553131567
1.77361299321
1.77168830995
1.76975729606
1.76781998134
1.76587639569
1.76392656919
1.76197053209
1.76000831403
1.75803994479
1.75606545436
1.75408487274
1.75209822993
1.75010555627
1.74810688225
1.74610223825
1.74409165471
1.74207516205
1.74005279084
1.73802457183
1.73599053571
1.73395071319
1.73190513503
1.729853832
1.72779683518
1.72573417555
1.72366588413
1.72159199198
1.71951253032
1.71742753034
1.71533702328
1.71324104044
1.71113961323
1.70903277306
1.70692055137
1.70480297967
1.70268008957
1.70055191267
1.6984184806
1.69627982509
1.69413597791
1.69198697086
1.68983283573
1.68767360447
1.685509309
1.68333998128
1.68116565332
1.6789863572
1.67680212502
1.6746129889
1.672418981
1.67022013358
1.66801647887
1.66580804914
1.66359487672
1.661376994
1.65915443336
1.6569272272
1.654695408
1.65245900828
1.65021806053
1.64797259729
1.64572265118
1.64346825482
1.64120944084
1.63894624187
1.63667869067
1.63440681996
1.63213066246
1.62985025094
1.62756561825
1.62527679719
1.62298382057
1.62068672127
1.61838553222
1.6160802863
1.61377101645
1.61145775562
1.60914053678
1.60681939292
1.60449435704
1.60216546216
1.59983274132
1.59749622756
1.59515595396
1.5928119536
1.59046425956
1.58811290495
1.58575792289
1.5833993465
1.58103720893
1.57867154331
1.5763023828
1.57392976056
1.57155370978
1.56917426361
1.56679145525
1.56440531788
1.5620158847
1.55962318891
1.55722726369
1.55482814226
1.55242585783
1.55002044359
1.54761193275
1.54520035852
1.5427857541
1.54036815269
1.53794758751
1.53552409173
1.53309769857
1.53066844121
1.52823635283
1.52580146662
1.52336381575
1.52092343338
1.51848035268
1.51603460679
1.51358622886
1.51113525202
1.50868170938
1.50622563408
1.5037670592
1.50130601782
1.49884254304
1.4963766679
1.49390842545
1.49143784873
1.48896497076
1.48648982453
1.48401244304
1.48153285923
1.47905110608
1.47656721651
1.47408122342
1.47159315972
1.46910305828
1.46661095193
1.46411687352
1.46162085585
1.45912293169
1.45662313383
1.45412149498
1.45161804787
1.44911282517
1.44660585955
1.44409718364
1.44158683005
1.43907483135
1.4365612201
1.43404602883
1.43152929
1.42901103611
1.42649129956
1.42397011277
1.4214475081
1.41892351789
1.41639817444
1.41387151001
1.41134355685
1.40881434715
1.40628391309
1.40375228678
1.40121950032
1.39868558577
1.39615057515
1.39361450043
1.39107739356
1.38853928644
1.38600021093
1.38346019886
1.380919282
1.3783774921
1.37583486085
1.37329141991
1.3707472009
1.36820223537
1.36565655487
1.36311019086
1.36056317479
1.35801553804
1.35546731195
1.35291852783
1.35036921693
1.34781941044
1.34526913953
1.34271843529
1.34016732878
1.33761585102
1.33506403295
1.33251190548
1.32995949947
1.32740684572
1.32485397499
1.32230091796
1.31974770529
1.31719436756
1.31464093532
1.31208743905
1.30953390917
1.30698037606
1.30442687004
1.30187342136
1.29932006023
1.2967668168
1.29421372115
1.29166080332
1.28910809327
1.28655562093
1.28400341613
1.28145150868
1.27889992831
1.27634870469
1.27379786742
1.27124744607
1.26869747012
1.26614796898
1.26359897203
1.26105050855
1.2585026078
1.25595529892
1.25340861103
1.25086257318
1.24831721432
1.24577256338
1.2432286492
1.24068550055
1.23814314614
1.23560161462
1.23306093455
1.23052113444
1.22798224274
1.2254442878
1.22290729794
1.22037130137
1.21783632625
1.21530240069
1.21276955269
1.2102378102
1.20770720109
1.20517775318
1.20264949419
1.20012245179
1.19759665355
1.19507212699
1.19254889956
1.19002699861
1.18750645144
1.18498728526
1.18246952722
1.17995320438
1.17743834374
1.17492497221
1.17241311663
1.16990280376
1.16739406029
1.16488691283
1.1623813879
1.15987751197
1.1573753114
1.1548748125
1.15237604149
1.1498790245
1.14738378759
1.14489035675
1.14239875788
1.1399090168
1.13742115924
1.13493521088
1.13245119729
1.12996914398
1.12748907634
1.12501101974
1.12253499941
1.12006104053
1.11758916818
1.11511940738
1.11265178305
1.11018632003
1.10772304308
1.10526197686
1.10280314597
1.10034657492
1.09789228813
1.09544030993
1.09299066457
1.09054337622
1.08809846897
1.08565596681
1.08321589365
1.08077827331
1.07834312954
1.07591048598
1.0734803662
1.07105279368
1.06862779182
1.06620538391
1.06378559318
1.06136844276
1.05895395568
1.05654215491
1.0541330633
1.05172670365
1.04932309863
1.04692227086
1.04452424284
1.04212903699
1.03973667566
1.03734718109
1.03496057543
1.03257688075
1.03019611903
1.02781831216
1.02544348193
1.02307165004
1.02070283813
1.01833706771
1.01597436021
1.01361473699
1.0112582193
1.0089048283
1.00655458506
1.00420751057
1.00186362571
0.999522951278
0.997185507986
0.994851316446
0.992520397181
0.990192770621
0.987868457107
0.985547476883
0.983229850105
0.980915596834
0.97860473704
0.9762972906
0.973993277298
0.971692716824
0.969395628779
0.967102032668
0.964811947902
0.962525393802
0.960242389595
0.957962954413
0.955687107294
0.953414867188
0.951146252945
0.948881283325
0.946619976994
0.944362352524
0.942108428391
0.939858222984
0.93761175459
0.935369041403
0.933130101534
0.930894952983
0.928663613669
0.926436101411
0.924212433935
0.921992628873
0.919776703764
0.91756467605
0.91535656308
0.91315238211
0.9109521503
0.908755884716
0.906563602328
0.904375320015
0.902191054559
0.900010822648
0.897834640874
0.895662525737
0.893494493643
0.8913305609
0.889170743724
0.887015058235
0.884863520459
0.882716146328
0.880572951679
0.878433952253
0.8762991637
0.874168601569
0.872042281322
0.869920218321
0.867802427836
0.865688925041
0.863579725017
0.861474842748
0.859374293127
0.857278090949
0.855186250916
0.853098787637
0.851015715623
0.848937049294
0.846862802975
0.844792990894
0.842727627188
0.840666725899
0.838610300972
0.836558366261
0.834510935524
0.832468022426
0.830429640537
0.828395803334
0.826366524198
0.82434181642
0.822321693191
0.820306167613
0.818295252693
0.816288961343
0.814287306383
0.812290300538
0.810297956439
0.808310286624
0.806327303544
0.804349019543
0.802375446883
0.800406597729
0.798442484149
0.796483118125
0.794528511541
0.792578676188
0.790633623768
0.788693365886
0.786757914055
0.784827279697
0.782901474141
0.780980508619
0.779064394281
0.77715314217
0.77524676325
0.773345268386
0.771448668351
0.769556973828
0.767670195407
0.765788343586
0.763911428771
0.762039461278
0.760172451328
0.758310409056
0.756453344499
0.754601267607
0.752754188238
0.750912116158
0.749075061042
0.747243032476
0.745416039952
0.743594092874
0.741777200556
0.739965372216
0.73815861699
0.736356943916
0.734560361946
0.732768879941
0.730982506673
0.729201250822
0.727425120979
0.725654125648
0.723888273239
0.722127572076
0.720372030393
0.718621656334
0.716876457955
0.715136443222
0.713401620013
0.711671996118
0.709947579236
0.70822837698
0.706514396874
0.704805646353
0.703102132766
0.701403863372
0.699710845342
0.698023085762
0.696340591627
0.694663369847
0.692991427245
0.691324770555
0.689663406424
0.688007341414
0.686356582
0.684711134568
0.683071005421
0.681436200772
0.679806726751
0.6781825894
0.676563794675
0.674950348448
0.673342256503
0.671739524541
0.670142158174
0.668550162934
0.666963544262
0.66538230752
0.66380645798
0.662236000831
0.66067094118
0.659111284046
0.657557034365
0.656008196991
0.654464776691
0.652926778149
0.651394205968
0.649867064663
0.648345358668
0.646829092336
0.645318269932
0.643812895642
0.642312973567
0.640818507727
0.639329502058
0.637845960416
0.636367886571
0.634895284215
0.633428156957
0.63196650832
0.630510341753
0.629059660618
0.627614468196
0.626174767689
0.624740562218
0.623311854821
0.621888648458
0.620470946006
0.619058750263
0.617652063948
0.616250889695
0.614855230064
0.613465087533
0.612080464499
0.61070136328
0.609327786118
0.607959735169
0.606597212518
0.605240220167
0.603888760037
0.602542833976
0.601202443749
0.599867591045
0.598538277474
0.597214504569
0.595896273784
0.594583586496
0.593276444006
0.591974847534
0.590678798227
0.589388297152
0.588103345301
0.586823943588
0.585550092852
0.584281793851
0.583019047275
0.581761853732
0.580510213755
0.579264127801
0.578023596252
0.576788619412
0.575559197515
0.574335330721
0.573117019103
0.571904262673
0.570697061359
0.569495415018
0.568299323429
0.567108786308
0.565923803285
0.564744373923
0.563570497702
0.562402174039
0.561239402267
0.560082181661
0.558930511409
0.557784390629
0.556643818369
0.555508793595
0.554379315226
0.553255382074
0.552136992906
0.551024146399
0.549916841168
0.548815075747
0.54771884861
0.54662815816
0.545543002717
0.544463380532
0.543389289791
0.542320728603
0.541257695006
0.540200186987
0.539148202427
0.538101739171
0.537060794966
0.536025367505
0.534995454401
0.533971053217
0.532952161423
0.531938776431
0.530930895578
0.529928516126
0.528931635305
0.527940250226
0.52695435796
0.525973955497
0.524999039769
0.524029607622
0.523065655864
0.522107181205
0.521154180308
0.520206649748
0.519264586048
0.518327985652
0.517396844937
0.51647116025
0.515550927808
0.514636143804
0.513726804347
0.512822905486
0.511924443198
0.511031413403
0.510143811942
0.509261634603
0.508384877087
0.507513535047
0.506647604076
0.505787079685
0.504931957323
0.504082232373
0.50323790016
0.502398955914
0.501565394871
0.500737212118
0.499914402731
0.499096961695
0.498284883946
0.497478164342
0.496676797687
0.495880778716
0.495090102105
0.494304762458
0.4935247543
0.492750072145
0.491980710387
0.491216663388
0.490457925424
0.489704490738
0.488956353459
0.488213507724
0.487475947545
0.486743666904
0.486016659706
0.4852949198
0.484578440966
0.48386721691
0.483161241329
0.482460507793
0.481765009844
0.481074740946
0.480389694521
0.479709863891
0.479035242379
0.478365823183
0.477701599483
0.477042564368
0.476388710882
0.475740032003
0.475096520644
0.474458169669
0.473824971868
0.473196919984
0.472574006653
0.471956224542
0.471343566169
0.470736024038
0.470133590568
0.469536258148
0.468944019063
0.468356865577
0.467774789883
0.467197784108
0.466625840323
0.466058950532
0.465497106696
0.46494030067
0.464388524345
0.463841769448
0.463300027709
0.462763290772
0.462231550242
0.461704797643
0.46118302445
0.46066622208
0.460154381902
0.459647495204
0.459145553211
0.458648547133
0.458156468075
0.457669307114
0.457187055239
0.456709703421
0.456237242506
0.455769663373
0.455306956768
0.454849113413
0.454396123963
0.453947979021
0.453504669124
0.453066184735
0.452632516318
0.452203654217
0.451779588752
0.451360310163
0.450945808665
0.450536074375
0.450131097385
0.449730867707
0.449335375332
0.448944610136
0.44855856199
0.448177220689
0.447800575963
0.447428617505
0.447061334931
0.446698717822
0.44634075565
0.445987437916
0.445638753993
0.445294693233
0.444955244909
0.44462039827
0.44429014246
0.443964466613
0.443643359786
0.443326810982
0.443014809153
0.442707343182
0.442404401918
0.442105974102
0.441812048513
0.441522613783
0.441237658538
0.440957171323
0.440681140654
0.440409554966
0.440142402643
0.439879672023
0.439621351395
0.439367428971
0.439117892909
0.438872731339
0.438631932306
0.438395483824
0.438163373826
0.437935590222
0.437712120811
0.437492953412
0.437278075733
0.437067475449
0.436861140173
0.436659057475
0.436461214852
0.436267599744
0.436078199572
0.435893001663
0.435711993314
0.435535161743
0.435362494149
0.435193977616
0.435029599259
0.434869346063
0.434713204999
0.434561162969
0.434413206827
0.434269323371
0.434129499327
0.433993721397
0.433861976214
0.433734250365
0.433610530342
0.433490802651
0.433375053693
0.43326326984
0.433155437389
0.433051542613
0.432951571688
0.432855510776
0.43276334597
0.432675063303
0.432590648768
0.432510088292
0.432433367762
0.432360472969
0.432291389725
0.432226103723
0.432164600637
0.432106866064
0.432052885579
0.432002644658
0.431956128767
0.4319133233
0.431874213597
0.431838784949
0.431807022587
0.431778911703
0.431754437404
0.431733584784
0.431716338855
0.431702684603
0.431692606908
0.431686090665
0.431683120671
0.431683681684
0.431687758404
0.431695335493
0.431706397536
0.431720929071
0.431738914606
0.431760338567
0.431785185352
0.431813439281
0.431845084652
0.431880105656
0.431918486509
0.431960211309
0.432005264133
0.432053628995
0.432105289866
0.432160230649
0.432218435195
0.432279887332
0.432344570801
0.432412469311
0.432483566501
0.432557845985
0.432635291274
0.432715885904
0.432799613287
0.432886456824
0.432976399845
0.43306942564
0.43316551744
0.433264658414
0.433366831701
0.433472020378
0.433580207472
0.433691375931
0.433805508707
0.433922588653
0.434042598595
0.434165521288
0.434291339464
0.43442003576
0.434551592806
0.434685993157
0.43482321932
0.434963253756
0.435106078868
0.435251677016
0.435400030475
0.435551121539
0.435704932383
0.435861445168
0.436020641982
0.436182504889
0.436347015873
0.436514156881
0.436683909809
0.436856256512
0.437031178773
0.437208658333
0.437388676894
0.437571216092
0.43775625753
0.437943782737
0.438133773223
0.438326210395
0.438521075679
0.438718350401
0.438918015854
0.439120053278
0.439324443874
0.439531168771
0.439740209059
0.439951545793
0.440165159957
0.440381032503
0.440599144313
0.440819476248
0.441042009071
0.441266723567
0.44149360041
0.441722620256
0.4419537637
0.4421870113
0.442422343554
0.442659740903
0.442899183763
0.443140652492
0.443384127398
0.443629588719
0.443877016692
0.444126391466
0.444377693167
0.444630901848
0.444885997547
0.445142960209
0.44540176978
0.445662406128
0.445924849083
0.446189078429
0.4464550739
0.446722815188
0.446992281911
0.447263453694
0.447536310066
0.447810830537
0.448086994551
0.448364781532
0.448644170816
0.448925141742
0.449207673569
0.449491745526
0.44977733679
0.450064426491
0.450352993725
0.450643017515
0.450934476875
0.451227350749
0.451521618056
0.451817257629
0.452114248316
0.452412568876
0.452712198043
0.453013114495
0.453315296887
0.4536187238
0.45392337379
0.454229225374
0.454536257014
0.454844447138
0.45515377412
0.45546421631
0.455775751972
0.456088359397
0.456402016772
0.456716702274
0.457032394022
0.457349070111
0.45766670857
0.457985287402
0.458304784579
0.458625178012
0.458946445583
0.459268565123
0.45959151444
0.459915271276
0.46023981336
0.46056511836
0.460891163928
0.461217927637
0.461545387068
0.461873519732
0.462202303111
0.462531714649
0.462861731752
0.463192331786
0.463523492061
0.463855189895
0.464187402526
0.464520107178
0.46485328102
0.46518690121
0.465520944827
0.46585538897
0.466190210656
0.46652538689
0.466860894633
0.467196710814
0.467532812325
0.467869176007
0.468205778716
0.46854259722
0.468879608284
0.46921678862
0.469554114931
0.469891563861
0.470229112037
0.470566736045
0.470904412457
0.471242117782
0.471579828524
0.471917521148
0.472255172083
0.472592757738
0.472930254478
0.473267638655
0.473604886553
0.473941974492
0.474278878704
0.474615575421
0.474952040833
0.475288251121
0.475624182409
0.475959810817
0.476295112436
0.476630063322
0.476964639511
0.477298817004
0.477632571791
0.477965879801
0.478298717008
0.478631059289
0.478962882536
0.479294162602
0.47962487533
0.479954996525
0.480284501973
0.480613367444
0.480941568689
0.481269081425
0.48159588134
0.481921944139
0.482247245469
0.482571760978
0.482895466278
0.483218336987
0.483540348656
0.483861476886
0.484181697203
0.484500985144
0.484819316219
0.485136665927
0.485453009745
0.485768323122
0.486082581536
0.486395760402
0.486707835148
0.487018781169
0.487328573871
0.487637188606
0.487944600776
0.488250785712
0.488555718768
0.488859375269
0.489161730541
0.489462759894
0.489762438621
0.490060742025
0.490357645384
0.490653123983
0.490947153057
0.491239707908
0.491530763767
0.491820295891
0.492108279512
0.492394689884
0.492679502216
0.492962691753
0.493244233717
0.49352410333
0.493802275814
0.494078726383
0.494353430261
0.494626362634
0.494897498766
0.495166813841
0.495434283088
0.495699881718
0.495963584964
0.49622536804
0.496485206171
0.496743074589
0.496998948541
0.497252803255
0.49750461397
0.497754355956
0.498002004461
0.498247534762
0.498490922121
0.498732141841
0.498971169177
0.499207979475
0.499442548024
0.499674850158
0.499904861209
0.500132556534
0.500357911488
0.500580901436
0.500801501796
0.501019687957
0.50123543535
0.501448719402
0.501659515586
0.501867799341
0.502073546205
0.502276731658
0.502477331246
0.502675320515
0.502870675044
0.503063370426
0.50325338227
0.503440686229
0.503625257967
0.503807073181
0.503986107558
0.504162336878
0.504335736891
0.504506283405
0.504673952235
0.504838719255
0.505000560322
0.505159451377
0.50531536836
0.505468287252
0.505618184069
0.505765034857
0.505908815705
0.506049502698
0.506187072038
0.506321499888
0.506452762485
0.506580836089
0.506705697021
0.506827321615
0.50694568626
0.507060767384
0.507172541475
0.507280985032
0.507386074613
0.507487786836
0.507586098343
0.507680985842
0.507772426068
0.507860395831
0.507944871939
0.508025831324
0.508103250911
0.508177107702
0.50824737874
0.50831404114
0.508377072046
0.508436448666
0.508492148285
0.508544148218
0.508592425856
0.508636958631
0.508677724061
0.508714699673
0.508747863138
0.508777192113
0.508802664359
0.508824257684
0.508841949977
0.508855719178
0.50886554329
0.508871400404
0.508873268671
0.508871126311
0.50886495159
0.5088547229
0.508840418659
0.508822017385
0.508799497647
0.508772838121
0.508742017513
0.508707014658
0.508667808437
0.508624377819
0.508576701856
0.508524759677
0.508468530499
0.508407993592
0.508343128373
0.508273914286
0.508200330891
0.508122357815
0.508039974801
0.507953161639
0.507861898259
0.507766164646
0.507665940894
0.507561207184
0.507451943789
0.507338131089
0.507219749533
0.507096779702
0.506969202251
0.506836997955
0.506700147642
0.506558632314
0.506412433017
0.506261530927
0.50610590731
0.50594554356
0.505780421145
0.50561052166
0.505435826816
0.505256318418
0.505071978393
0.504882788766
0.504688731697
0.504489789413
0.504285944332
0.504077178917
0.503863475786
0.503644817659
0.503421187391
0.503192567932
0.50295894237
0.502720293928
0.50247660593
0.502227861833
0.501974045215
0.501715139795
0.501451129395
0.501181997992
0.50090772967
0.500628308675
0.500343719331
0.500053946162
0.499758973777
0.499458786941
0.499153370551
0.498842709645
0.498526789395
0.498205595094
0.497879112227
0.497547326371
0.497210223274
0.496867788806
0.496520009013
0.496166870039
0.495808358238
0.495444460059
0.495075162131
0.49470045122
0.49432031425
0.493934738294
0.493543710561
0.493147218472
0.492745249543
0.492337791477
0.491924832122
0.491506359505
0.491082361789
0.490652827315
0.490217744577
0.489777102255
0.489330889155
0.488879094279
0.488421706794
0.487958716023
0.487490111472
0.487015882801
0.486536019865
0.486050512642
0.485559351363
0.485062526364
0.484560028191
0.484051847551
0.483537975349
0.483018402638
0.482493120678
0.481962120908
0.481425394939
0.480882934572
0.480334731784
0.479780778754
0.47922106782
0.478655591542
0.47808434264
0.477507314052
0.47692449886
0.476335890398
0.475741482151
0.475141267813
0.47453524127
0.47392339661
0.47330572811
0.472682230233
0.472052897682
0.47141772532
0.470776708237
0.470129841703
0.46947712122
0.468818542448
0.468154101317
0.467483793909
0.466807616541
0.466125565728
0.465437638203
0.464743830899
0.464044140954
0.463338565758
0.462627102869
0.461909750086
0.461186505406
0.460457367065
0.45972233349
0.458981403347
0.458234575507
0.457481849085
0.456723223379
0.455958697944
0.455188272545
0.454411947169
0.453629722036
0.452841597582
0.452047574486
0.451247653612
0.450441836124
0.449630123356
0.4488125169
0.447989018565
0.447159630414
0.446324354709
0.445483193981
0.44463615098
0.443783228693
0.442924430347
0.442059759399
0.441189219557
0.440312814736
0.439430549156
0.438542427212
0.437648453576
0.436748633147
0.435842971085
0.434931472775
0.434014143853
0.433090990205
0.432162017971
0.431227233519
0.430286643469
0.429340254712
0.428388074362
0.427430109802
0.426466368649
0.425496858795
0.424521588341
0.423540565704
0.422553799503
0.421561298636
0.420563072247
0.419559129744
0.418549480782
0.417534135268
0.416513103399
0.415486395593
0.41445402255
0.413415995214
0.412372324808
0.41132302278
0.410268100901
0.409207571141
0.408141445773
0.407069737312
0.405992458549
0.404909622533
0.403821242572
0.402727332254
0.401627905425
0.4005229762
0.399412558935
0.398296668306
0.397175319211
0.396048526839
0.394916306631
0.39377867432
0.392635645874
0.391487237567
0.390333465922
0.389174347737
0.388009900085
0.386840140303
0.385665086008
0.38448475506
0.383299165651
0.382108336187
0.380912285376
0.379711032185
0.378504595873
0.37729299595
0.37607625221
0.374854384721
0.373627413836
0.372395360158
0.371158244577
0.369916088269
0.368668912665
0.367416739489
0.366159590722
0.364897488642
0.363630455763
0.362358514931
0.361081689219
0.359800002001
0.358513476914
0.357222137882
0.355926009091
0.354625115005
0.353319480381
0.352009130229
0.35069408985
0.349374384805
0.34805004095
0.346721084382
0.345387541528
0.344049439035
0.342706803857
0.341359663208
0.340008044587
0.338651975759
0.337291484759
0.335926599907
0.334557349795
0.333183763284
0.331805869492
0.330423697849
0.329037278021
0.327646639967
0.326251813902
0.324852830332
0.323449720004
0.322042513969
0.320631243526
0.319215940253
0.317796635993
0.316373362861
0.314946153239
0.313515039762
0.312080055368
0.310641233227
0.309198606794
0.307752209777
0.306302076165
0.304848240186
0.303390736364
0.30192959946
0.300464864513
0.298996566815
0.29752474192
0.29604942565
0.294570654069
0.293088463521
0.291602890594
0.290113972144
0.288621745258
0.28712624732
0.285627515934
0.284125588973
0.282620504556
0.281112301067
0.279601017121
0.278086691596
0.276569363621
0.275049072568
0.273525858059
0.271999759956
0.270470818378
0.268939073661
0.267404566431
0.26586733751
0.264327427986
0.262784879176
0.261239732642
0.259692030175
0.258141813806
0.25658912581
0.255034008682
0.253476505155
0.25191665819
0.250354510984
0.24879010695
0.247223489744
0.245654703233
0.244083791523
0.242510798918
0.240935769976
0.23935874945
0.237779782321
0.236198913786
0.234616189257
0.233031654361
0.231445354924
0.229857337011
0.228267646869
0.226676330969
0.225083435974
0.223489008768
0.221893096414
0.220295746205
0.218697005608
0.217096922301
0.215495544153
0.213892919227
0.212289095777
0.210684122239
0.209078047265
0.207470919661
0.205862788436
0.204253702772
0.202643712041
0.201032865784
0.199421213725
0.197808805756
0.196195691956
0.194581922553
0.192967547961
0.191352618754
0.18973718567
0.188121299613
0.18650501164
0.184888372974
0.183271434977
0.181654249195
0.180036867294
0.178419341108
0.176801722608
0.175184063918
0.173566417291
0.171948835133
0.170331369982
0.168714074511
0.167097001527
0.165480203963
0.163863734887
0.162247647482
0.160631995065
0.159016831064
0.157402209035
0.155788182634
0.154174805647
0.152562131959
0.150950215566
0.149339110569
0.147728871172
0.146119551676
0.144511206477
0.142903890075
0.141297657051
0.139692562083
0.138088659927
0.136486005431
0.13488465351
0.133284659177
0.131686077501
0.130088963634
0.128493372791
0.126899360259
0.125306981383
0.123716291568
0.122127346285
0.120540201051
0.118954911438
0.117371533064
0.115790121598
0.114210732744
0.112633422251
0.111058245901
0.109485259516
0.107914518937
0.106346080043
0.104779998731
0.103216330919
0.101655132547
0.100096459564
0.0985403679351
0.0969869136247
0.0954361526166
0.0938881408835
0.0923429344025
0.0908005891423
0.0892611610684
0.0877247061271
0.0861912802571
0.0846609393757
0.0831337393788
0.0816097361378
0.0800889854947
0.0785715432618
0.07705746521
0.0755468070843
0.0740396245748
0.0725359733332
0.071035908959
0.0695394870025
0.0680467629547
0.0665577922485
0.0650726302543
0.063591332277
0.0621139535491
0.0606405492295
0.0591711744035
0.0577058840719
0.0562447331539
0.0547877764781
0.0533350687849
0.0518866647139
0.050442618814
0.049002985525
0.0475678191837
0.0461371740161
0.0447111041358
0.043289663538
0.0418729060967
0.0404608855647
0.039053655563
0.0376512695827
0.0362537809776
0.0348612429644
0.033473708613
0.0320912308519
0.0307138624537
0.0293416560397
0.0279746640718
0.0266129388504
0.02525653251
0.023905497015
0.0225598841578
0.0212197455528
0.019885132634
0.018556096649
0.0172326886597
0.0159149595334
0.0146029599424
0.0132967403579
0.0119963510486
0.0107018420741
0.00941326328374
0.00813066431076
0.00685409456946
0.00558360325111
0.00431923932003
0.00306105150987
0.00180908831956
0.000563398009966
-0.000675971400664
-0.00190897214006
-0.00313555668588
-0.00435567776973
-0.00556928838072
-0.00677634176947
-0.00797679145199
-0.0091705912137
-0.0103576951126
-0.0115380574837
-0.0127116329431
-0.0138783763908
-0.0150382430159
-0.016191188299
-0.0173371680174
-0.0184761382467
-0.0196080553686
-0.0207328760702
-0.0218505573507
-0.0229610565241
-0.0240643312238
-0.0251603394046
-0.0262490393484
-0.0273303896679
-0.0284043493087
-0.0294708775549
-0.0305299340309
-0.0315814787079
-0.0326254719029
-0.0336618742905
-0.0346906468968
-0.0357117511106
-0.0367251486833
-0.0377308017345
-0.0387286727542
-0.0397187246063
-0.040700920535
-0.0416752241654
-0.0426415995086
-0.0436000109624
-0.0445504233221
-0.0454928017755
-0.0464271119124
-0.0473533197243
-0.0482713916124
-0.0491812943842
-0.050082995266
-0.0509764618985
-0.0518616623445
-0.0527385650913
-0.0536071390538
-0.0544673535788
-0.0553191784444
-0.056162583874
-0.0569975405256
-0.0578240195057
-0.0586419923667
-0.0594514311154
-0.0602523082085
-0.0610445965667
-0.0618282695675
-0.0626033010551
-0.0633696653403
-0.0641273372049
-0.0648762919059
-0.0656165051741
-0.0663479532252
-0.0670706127547
-0.0677844609476
-0.0684894754719
-0.0691856344978
-0.0698729166832
-0.0705513011879
-0.0712207676712
-0.0718812962996
-0.0725328677424
-0.0731754631816
-0.0738090643131
-0.0744336533459
-0.0750492130097
-0.0756557265526
-0.0762531777503
-0.0768415508978
-0.077420830831
-0.0779910029067
-0.0785520530219
-0.0791039676082
-0.0796467336389
-0.0801803386259
-0.0807047706275
-0.0812200182514
-0.0817260706507
-0.0822229175321
-0.0827105491547
-0.0831889563368
-0.0836581304511
-0.0841180634354
-0.0845687477865
-0.0850101765716
-0.0854423434164
-0.0858652425263
-0.0862788686709
-0.0866832171959
-0.0870782840219
-0.0874640656471
-0.0878405591486
-0.0882077621807
-0.08856567299
-0.0889142903988
-0.0892536138204
-0.0895836432529
-0.0899043792889
-0.0902158231043
-0.0905179764784
-0.0908108417765
-0.091094421964
-0.0913687206023
-0.0916337418517
-0.091889490473
-0.0921359718242
-0.0923731918773
-0.0926011571962
-0.0928198749562
-0.0930293529359
-0.0932295995251
-0.0934206237175
-0.0936024351191
-0.0937750439446
-0.0939384610239
-0.0940926977922
-0.0942377663032
-0.0943736792234
-0.0945004498321
-0.0946180920261
-0.094726620315
-0.0948260498286
-0.0949163963048
-0.094997676114
-0.0950699062303
-0.0951331042531
-0.0951872883972
-0.0952324774998
-0.0952686910111
-0.0952959490055
-0.0953142721766
-0.0953236818349
-0.0953241999119
-0.0953158489565
-0.0952986521405
-0.0952726332489
-0.0952378166924
-0.0951942274948
-0.0951418913044
-0.0950808343771
-0.0950110835995
-0.0949326664661
-0.0948456110914
-0.0947499462055
-0.0946457011552
-0.0945329058998
-0.094411591011
-0.0942817876813
-0.094143527708
-0.0939968435047
-0.0938417680911
-0.0936783351027
-0.0935065787734
-0.0933265339579
-0.0931382361061
-0.0929417212781
-0.0927370261361
-0.0925241879454
-0.092303244571
-0.0920742344751
-0.0918371967269
-0.0915921709817
-0.091339197495
-0.0910783171121
-0.0908095712738
-0.0905330020051
-0.0902486519225
-0.0899565642254
-0.0896567827013
-0.0893493517117
-0.0890343162046
-0.0887117217025
-0.0883816143023
-0.0880440406759
-0.0876990480629
-0.0873466842741
-0.0869869976784
-0.0866200372203
-0.0862458523939
-0.0858644932564
-0.085476010417
-0.0850804550416
-0.0846778788391
-0.0842683340711
-0.0838518735408
-0.0834285505916
-0.0829984191053
-0.0825615334967
-0.0821179487147
-0.0816677202295
-0.0812109040493
-0.0807475566901
-0.0802777351936
-0.0798014971126
-0.0793189005141
-0.0788300039694
-0.0783348665544
-0.0778335478458
-0.0773261079179
-0.0768126073342
-0.076293107147
-0.0757676688975
-0.075236354603
-0.0746992267602
-0.0741563483352
-0.0736077827668
-0.0730535939497
-0.0724938462497
-0.0719286044784
-0.071357933903
-0.0707819002353
-0.0702005696305
-0.0696140086794
-0.0690222844045
-0.0684254642619
-0.0678236161248
-0.0672168082879
-0.0666051094574
-0.0659885887513
-0.065367315685
-0.0647413601821
-0.0641107925507
-0.0634756834923
-0.0628361040893
-0.0621921258032
-0.0615438204674
-0.0608912602813
-0.0602345178087
-0.0595736659682
-0.0589087780299
-0.0582399276048
-0.0575671886518
-0.0568906354565
-0.056210342636
-0.0555263851276
-0.0548388381884
-0.0541477773808
-0.0534532785774
-0.0527554179464
-0.0520542719494
-0.0513499173345
-0.0506424311297
-0.0499318906385
-0.0492183734282
-0.0485019573357
-0.0477827204455
-0.0470607410953
-0.046336097863
-0.0456088695653
-0.0448791352454
-0.0441469741709
-0.0434124658258
-0.0426756899048
-0.0419367263032
-0.0411956551138
-0.0404525566199
-0.039707511286
-0.0389605997536
-0.0382119028315
-0.0374615014928
-0.0367094768612
-0.0359559102145
-0.0352008829662
-0.0344444766661
-0.0336867729895
-0.0329278537321
-0.0321678008006
-0.0314066962067
-0.0306446220617
-0.0298816605649
-0.029117894
-0.0283534047249
-0.0275882751675
-0.0268225878134
-0.0260564252056
-0.025289869929
-0.0245230046084
-0.0237559118986
-0.0229886744777
-0.0222213750384
-0.0214540962811
-0.0206869209065
-0.0199199316074
-0.0191532110608
-0.0183868419194
-0.0176209068066
-0.0168554883054
-0.0160906689524
-0.015326531229
-0.014563157555
-0.0138006302779
-0.0130390316684
-0.0122784439099
-0.0115189490916
-0.0107606292
-0.0100035661115
-0.0092478415839
-0.00849353724794
-0.00774073460104
-0.0069895149968
-0.00623995963866
-0.00549214957096
-0.00474616567138
-0.00400208864212
-0.00325999900266
-0.00251997708081
-0.00178210300501
-0.00104645669599
-0.000313117858701
0.000417834025917
0.00114631970906
0.00187226018229
0.00259557668569
0.00331619071613
0.00403402403509
0.00474899867764
0.00546103695972
0.00617006148694
0.00687599516245
0.0075787611955
0.00827828310894
0.00897448474806
0.00966729028872
0.010356624245
0.0110424114778
0.0117245772029
0.0124030469992
0.0130777468156
0.0137486029825
0.0144155422155
0.0150784916267
0.0157373787312
0.0163921314565
0.0170426781485
0.0176889475816
0.0183308689662
0.0189683719557
0.0196013866554
0.02022984363
0.0208536739125
0.0214728090102
0.022087180915
0.022696722109
0.0233013655746
0.023901044799
0.0244956937869
0.0250852470632
0.025669639684
0.0262488072432
0.0268226858801
0.0273912122874
0.0279543237172
0.0285119579931
0.0290640535116
0.0296105492544
0.0301513847927
0.0306865002979
0.0312158365441
0.0317393349223
0.0322569374408
0.0327685867371
0.0332742260829
0.0337737993921
0.0342672512282
0.0347545268093
0.0352355720191
0.0357103334101
0.0361787582133
0.0366407943405
0.0370963903996
0.0375454956925
0.037988060227
0.0384240347214
0.0388533706134
0.0392760200625
0.0396919359611
0.040101071939
0.0405033823688
0.0408988223744
0.0412873478349
0.0416689153936
0.0420434824588
0.0424110072204
0.0427714486432
0.0431247664819
0.0434709212826
0.0438098743919
0.044141587958
0.0444660249415
0.0447831491189
0.0450929250865
0.0453953182686
0.0456902949204
0.0459778221367
0.0462578678521
0.0465304008525
0.0467953907743
0.0470528081147
0.0473026242294
0.047544811348
0.0477793425687
0.0480061918686
0.048225334107
0.04843674503
0.0486404012743
0.0488362803708
0.0490243607543
0.0492046217599
0.049377043633
0.0495416075292
0.0496982955234
0.0498470906054
0.0499879766955
0.0501209386362
0.0502459622035
0.0503630341074
0.0504721419961
0.0505732744586
0.0506664210271
0.0507515721866
0.0508287193668
0.0508978549545
0.0509589722907
0.0510120656783
0.0510571303787
0.0510941626202
0.0511231595961
0.0511441194713
0.0511570413778
0.051161925425
0.0511587726962
0.0511475852516
0.0511283661317
0.0511011193568
0.051065849931
0.0510225638383
0.0509712680555
0.0509119705394
0.0508446802378
0.0507694070859
0.0506861620108
0.0505949569268
0.0504958047429
0.0503887193592
0.0502737156678
0.0501508095542
0.0500200178965
0.0498813585675
0.0497348504296
0.0495805133464
0.0494183681666
0.0492484367365
0.0490707418928
0.0488853074662
0.0486921582768
0.0484913201361
0.0482828198457
0.0480666851967
0.0478429449662
0.0476116289177
0.0473727678027
0.0471263933535
0.0468725382864
0.0466112362961
0.0463425220589
0.0460664312228
0.0457830004174
0.0454922672389
0.0451942702567
0.0448890490068
0.0445766439914
0.044257096674
0.0439304494777
0.0435967457858
0.0432560299318
0.0429083472018
0.0425537438283
0.0421922669898
0.0418239648028
0.0414488863232
0.0410670815385
0.0406786013677
0.0402834976518
0.0398818231566
0.0394736315631
0.0390589774652
0.0386379163659
0.0382105046707
0.0377767996852
0.0373368596063
0.0368907435248
0.0364385114114
0.0359802241179
0.0355159433679
0.0350457317553
0.0345696527335
0.0340877706158
0.0336001505647
0.0331068585884
0.032607961534
0.0321035270814
0.0315936237375
0.0310783208275
0.0305576884945
0.0300317976844
0.0295007201455
0.0289645284187
0.0284232958324
0.027877096493
0.0273260052797
0.0267700978363
0.0262094505649
0.0256441406155
0.0250742458812
0.0244998449901
0.0239210172954
0.0233378428697
0.0227504024949
0.022158777656
0.0215630505295
0.0209633039804
0.0203596215475
0.0197520874387
0.0191407865207
0.018525804311
0.0179072269675
0.0172851412806
0.0166596346641
0.0160307951448
0.0153987113538
0.0147634725169
0.0141251684451
0.0134838895237
0.0128397267056
0.0121927714968
0.0115431159505
0.0108908526544
0.0102360747218
0.0095788757805
0.00891934996278
0.00825759189508
0.00759369668695
0.00692775992059
0.00625987763966
0.00559014633953
0.00491866295486
0.00424552484958
0.00357082980515
0.00289467600984
0.00221716204682
0.00153838688345
0.00085844985919
0.000177450674379
-0.000504510621526
-0.00118733364165
-0.0018709176735
-0.00255516169074
-0.00323996436553
-0.00392522407997
-0.00461083893871
-0.00529670678077
-0.00598272519216
-0.00666879151757
-0.00735480287372
-0.0080406561608
-0.00872624807572
-0.00941147512422
-0.0100962336338
-0.0107804197663
-0.0114639295305
-0.0121466587957
-0.0128285033034
-0.0135093586815
-0.0141891204555
-0.0148676840645
-0.0155449448712
-0.0162207981767
-0.0168951392334
-0.0175678632585
-0.0182388654462
-0.0189080409824
-0.0195752850579
-0.0202404928806
-0.0209035596904
-0.0215643807715
-0.0222228514675
-0.0228788671916
-0.0235323234465
-0.0241831158306
-0.0248311400568
-0.0254762919641
-0.0261184675322
-0.0267575628943
-0.0273934743512
-0.028026098386
-0.028655331677
-0.0292810711115
-0.0299032137988
-0.0305216570875
-0.0311362985748
-0.031747036124
-0.0323537678755
-0.0329563922642
-0.0335548080277
-0.0341489142285
-0.0347386102598
-0.0353237958642
-0.0359043711463
-0.0364802365863
-0.0370512930544
-0.0376174418227
-0.0381785845851
-0.0387346234628
-0.0392854610247
-0.0398310002971
-0.0403711447818
-0.0409057984634
-0.0414348658324
-0.0419582518895
-0.0424758621657
-0.042987602733
-0.0434933802195
-0.0439931018227
-0.0444866753215
-0.0449740090939
-0.0454550121262
-0.0459295940301
-0.0463976650502
-0.0468591360885
-0.0473139187058
-0.0477619251427
-0.0482030683293
-0.048637261902
-0.0490644202112
-0.0494844583406
-0.049897292117
-0.0503028381234
-0.0507010137133
-0.0510917370219
-0.0514749269818
-0.0518505033297
-0.0522183866316
-0.0525784982798
-0.0529307605174
-0.0532750964447
-0.0536114300361
-0.0539396861466
-0.0542597905307
-0.0545716698515
-0.0548752516922
-0.0551704645691
-0.0554572379434
-0.0557355022351
-0.0560051888301
-0.0562662300985
-0.0565185593999
-0.0567621111012
-0.0569968205789
-0.0572226242444
-0.0574394595411
-0.0576472649645
-0.05784598007
-0.0580355454851
-0.0582159029188
-0.0583869951717
-0.0585487661537
-0.0587011608837
-0.0588441255087
-0.0589776073083
-0.0591015547113
-0.059215917296
-0.0593206458146
-0.0594156921876
-0.0595010095244
-0.059576552128
-0.0596422755063
-0.0596981363801
-0.0597440926916
-0.0597801036213
-0.0598061295838
-0.059822132247
-0.0598280745357
-0.0598239206443
-0.0598096360398
-0.0597851874752
-0.0597505429939
-0.0597056719426
-0.0596505449704
-0.059585134047
-0.0595094124634
-0.0594233548408
-0.0593269371395
-0.0592201366633
-0.0591029320696
-0.0589753033698
-0.0588372319498
-0.0586887005587
-0.0585296933283
-0.0583601957726
-0.0581801947987
-0.0579896787056
-0.0577886371984
-0.057577061388
-0.0573549437981
-0.0571222783702
-0.0568790604684
-0.0566252868861
-0.0563609558459
-0.0560860670115
-0.0558006214845
-0.0555046218151
-0.0551980719969
-0.0548809774847
-0.054553345184
-0.054215183463
-0.0538665021522
-0.0535073125501
-0.0531376274225
-0.0527574610071
-0.0523668290194
-0.0519657486482
-0.0515542385638
-0.0511323189148
-0.0507000113359
-0.0502573389406
-0.0498043263356
-0.049340999608
-0.048867386336
-0.0483835155851
-0.047889417911
-0.0473851253578
-0.0468706714592
-0.0463460912423
-0.0458114212198
-0.0452666993958
-0.044711965262
-0.0441472598001
-0.0435726254761
-0.0429881062443
-0.042393747542
-0.0417895962915
-0.0411757008929
-0.040552111229
-0.0399188786582
-0.0392760560135
-0.0386236976008
-0.0379618591949
-0.0372905980377
-0.0366099728315
-0.035920043744
-0.0352208723945
-0.0345125218573
-0.0337950566537
-0.0330685427514
-0.0323330475555
-0.0315886399094
-0.0308353900852
-0.0300733697816
-0.0293026521176
-0.0285233116268
-0.027735424253
-0.026939067342
-0.0261343196409
-0.0253212612844
-0.0244999737944
-0.0236705400703
-0.022833044384
-0.0219875723711
-0.0211342110251
-0.0202730486893
-0.01940417505
-0.018527681127
-0.0176436592673
-0.0167522031364
-0.0158534077093
-0.0149473692628
-0.0140341853656
-0.0131139548706
-0.0121867779038
-0.0112527558581
-0.0103119913801
-0.00936458836253
-0.00841065193371
-0.00745028844751
-0.00648360547255
-0.00551071178212
-0.00453171734359
-0.00354673330681
-0.00255587199358
-0.00155924688606
-0.000556972615473
0.000450835049716
0.00146405921556
0.00248258187468
0.00350628391857
0.00453504514985
0.00556874429499
0.00660725901695
0.00765046592803
0.00869824060335
0.00975045759378
0.0108069904396
0.0118677116832
0.0129324928853
0.014001204636
0.0150737165709
0.0161498973841
0.0172296148444
0.0183127358071
0.0193991262324
0.0204886511972
0.0215811749121
0.0226765607358
0.0237746711908
0.0248753679791
0.0259785119961
0.027083963352
0.0281915813801
0.0293012246588
0.0304127510249
0.0315260175927
0.0326408807662
0.0337571962622
0.0348748191209
0.0359936037272
0.0371134038252
0.0382340725372
0.0393554623806
0.0404774252839
0.0415998126081
0.0427224751602
0.043845263215
0.0449680265267
0.0460906143586
0.0472128754886
0.0483346582356
0.0494558104747
0.0505761796584
0.0516956128309
0.0528139566512
0.0539310574116
0.0550467610535
0.0561609131901
0.057273359122
0.0583839438617
0.0594925121434
0.0605989084593
0.0617029770587
0.0628045619831
0.0639035070781
0.0649996560176
0.0660928523197
0.0671829393678
0.068269760434
0.0693531586958
0.070432977256
0.0715090591612
0.0725812474318
0.0736493850688
0.0747133150846
0.0757728805157
0.076827924452
0.077878290044
0.0789238205417
0.0799643592979
0.0809997497986
0.0820298356811
0.0830544607547
0.0840734690214
0.0850867046925
0.0860940122241
0.0870952363174
0.0880902219549
0.0890788144125
0.0900608592888
0.0910362025124
0.0920046903829
0.092966169571
0.0939204871535
0.0948674906273
0.095807027933
0.0967389474762
0.097663098143
0.0985793293315
0.099487490962
0.100387433506
0.101279007993
0.102162066058
0.103036459932
0.103902042484
0.104758667227
0.105606188357
0.106444460748
0.107273339999
0.108092682438
0.108902345146
0.109702185981
0.110492063594
0.111271837454
0.112041367854
0.112800515965
0.113549143813
0.114287114329
0.115014291359
0.115730539685
0.116435725042
0.117129714144
0.117812374699
0.11848357543
0.119143186094
0.1197910775
0.120427121534
0.121051191169
0.121663160496
0.12226290473
0.122850300244
0.123425224563
0.123987556421
0.12453717574
0.125073963675
0.125597802621
0.126108576233
0.126606169447
0.127090468488
0.12756136091
0.128018735588
0.128462482751
0.128892493992
0.129308662297
0.129710882041
0.130099049032
0.130473060504
0.130832815148
0.131178213123
0.131509156073
0.131825547145
0.132127290996
0.132414293836
0.132686463404
0.132943709015
0.133185941559
0.13341307353
0.133625019023
0.133821693764
0.134003015117
0.134168902107
0.134319275417
0.134454057424
0.134573172196
0.134676545515
0.134764104887
0.134835779555
0.134891500515
0.134931200517
0.134954814107
0.134962277604
0.134953529136
0.134928508639
0.134887157883
0.134829420465
0.134755241837
0.134664569313
0.134557352073
0.13443354118
0.13429308959
0.134135952162
0.133962085664
0.133771448793
0.133564002171
0.133339708371
0.133098531901
0.132840439247
0.132565398853
0.132273381141
0.131964358518
0.131638305387
0.131295198147
0.130935015204
0.130557736989
0.130163345945
0.129751826549
0.129323165309
0.128877350782
0.12841437356
0.127934226304
0.12743690372
0.126922402585
0.126390721741
0.125841862107
0.125275826674
0.124692620514
0.124092250796
0.123474726765
0.122840059763
0.122188263225
0.12151935269
0.120833345788
0.12013026226
0.119410123944
0.118672954794
0.117918780859
0.117147630306
0.116359533408
0.115554522547
0.114732632217
0.113893899022
0.113038361674
0.112166060991
0.11127703991
0.110371343464
0.109449018799
0.10851011516
0.107554683898
0.106582778458
0.105594454391
0.104589769334
0.103568783021
0.102531557271
0.101478155986
0.100408645153
0.0993230928241
0.0982215691409
0.0971041462948
0.095970898547
0.0948219022113
0.093657235656
0.0924769792894
0.0912812155599
0.0900700289482
0.0888435059617
0.0876017351215
0.0863448069611
0.0850728140199
0.0837858508286
0.0824840139079
0.0811674017536
0.0798361148359
0.0784902555776
0.0771299283648
0.0757552395159
0.0743662972859
0.0729632118501
0.0715460952977
0.070115061616
0.0686702266834
0.0672117082605
0.0657396259715
0.0642541012988
0.0627552575668
0.0612432199345
0.0597181153748
0.058180072676
0.056629222411
0.0550656969381
0.0534896303803
0.0519011586148
0.0503004192566
0.0486875516452
0.0470626968317
0.0454259975618
0.0437775982618
0.0421176450206
0.0404462855819
0.0387636693186
0.037069947224
0.0353652718912
0.0336497975009
0.0319236797988
0.0301870760859
0.0284401451952
0.0266830474778
0.0249159447837
0.0231390004448
0.0213523792565
0.0195562474584
0.0177507727195
0.0159361241143
0.0141124721079
0.0122799885345
0.0104388465801
0.00858922076063
0.00673128690475
0.00486522213177
0.00299120483268
0.00110941464939
-0.000779967545652
-0.0026767596702
-0.00458077845303
-0.00649183945531
-0.00840975709144
-0.0103343446511
-0.0122654143196
-0.0142027772022
-0.0161462433429
-0.018095621749
-0.0200507204123
-0.0220113463323
-0.0239773055373
-0.0259484031089
-0.0279244432048
-0.0299052290807
-0.0318905631145
-0.0338802468287
-0.0358740809163
-0.0378718652589
-0.039873398961
-0.0418784803607
-0.0438869070644
-0.0458984759649
-0.0479129832694
-0.049930224521
-0.0519499946241
-0.0539720878711
-0.0559962979654
-0.0580224180457
-0.0600502407094
-0.0620795580458
-0.0641101616502
-0.0661418426578
-0.0681743917625
-0.07020759925
-0.0722412550118
-0.0742751485863
-0.0763090691701
-0.078342805652
-0.0803761466363
-0.0824088804689
-0.0844407952633
-0.0864716789226
-0.0885013191794
-0.0905295036024
-0.0925560196375
-0.0945806546249
-0.0966031958346
-0.0986234304784
-0.100641145757
-0.102656128864
-0.104668167029
-0.106677047536
-0.108682557749
-0.110684485145
-0.112682617332
-0.114676742084
-0.116666647362
-0.118652121342
-0.120632952435
-0.122608929333
-0.124579841009
-0.126545476766
-0.128505626246
-0.130460079472
-0.13240862686
-0.134351059254
-0.136287167955
-0.138216744735
-0.140139581879
-0.142055472194
-0.143964209054
-0.1458655864
-0.147759398807
-0.149645441463
-0.151523510229
-0.153393401646
-0.155254912975
-0.157107842206
-0.158951988102
-0.160787150213
-0.162613128903
-0.164429725376
-0.166236741701
-0.168033980843
-0.169821246673
-0.171598344016
-0.173365078651
-0.175121257359
-0.176866687918
-0.178601179171
-0.180324541006
-0.182036584407
-0.18373712147
-0.185425965429
-0.187102930677
-0.188767832784
-0.190420488548
-0.192060715982
-0.19368833436
-0.19530316423
-0.196905027453
-0.198493747191
-0.200069147984
-0.201631055716
-0.203179297677
-0.204713702566
-0.206234100519
-0.207740323132
-0.209232203474
-0.210709576125
-0.212172277185
-0.213620144298
-0.215053016659
-0.216470735077
-0.217873141944
-0.219260081291
-0.220631398785
-0.221986941777
-0.223326559281
-0.224650102038
-0.225957422506
-0.227248374888
-0.228522815153
-0.229780601047
-0.231021592127
-0.232245649746
-0.233452637131
-0.23464241933
-0.235814863282
-0.236969837805
-0.238107213636
-0.239226863417
-0.240328661748
-0.241412485179
-0.242478212232
-0.243525723415
-0.244554901242
-0.24556563025
-0.246557796997
-0.247531290108
-0.248486000257
-0.24942182021
-0.250338644799
-0.251236370995
-0.252114897864
-0.252974126612
-0.25381396059
-0.254634305309
-0.255435068444
-0.256216159848
-0.256977491586
-0.25771897791
-0.258440535301
-0.259142082455
-0.259823540321
-0.260484832072
-0.261125883176
-0.261746621335
-0.262346976548
-0.262926881093
-0.263486269548
-0.26402507879
-0.264543248005
-0.26504071872
-0.265517434768
-0.265973342328
-0.266408389914
-0.266822528402
-0.267215711007
-0.26758789332
-0.267939033289
-0.268269091251
-0.268578029895
-0.268865814321
-0.269132412
-0.269377792799
-0.269601928985
-0.26980479522
-0.269986368574
-0.270146628503
-0.27028555691
-0.270403138074
-0.270499358706
-0.27057420792
-0.270627677261
-0.27065976067
-0.27067045453
-0.270659757626
-0.270627671171
-0.270574198791
-0.270499346532
-0.270403122861
-0.270285538641
-0.270146607194
-0.269986344209
-0.269804767812
-0.269601898525
-0.26937775929
-0.269132375437
-0.268865774702
-0.268577987217
-0.268269045513
-0.267938984494
-0.267587841454
-0.267215656074
-0.266822470396
-0.266408328839
-0.265973278173
-0.265517367539
-0.2650406484
-0.2645431746
-0.264025002287
-0.263486189953
-0.262926798401
-0.262346890757
-0.261746532439
-0.261125791165
-0.260484736953
-0.259823442079
-0.259141981099
-0.25844043082
-0.257718870308
-0.256977380845
-0.256216045977
-0.255434951431
-0.25463418516
-0.2538138373
-0.252974000177
-0.252114768282
-0.251236238261
-0.250338508913
-0.249421681165
-0.248485858064
-0.247531144748
-0.246557648478
-0.245565478565
-0.244554746398
-0.243525565404
-0.24247805106
-0.241412320838
-0.240328494241
-0.239226692741
-0.238107039792
-0.236969660802
-0.235814683116
-0.234642236007
-0.233452450642
-0.232245460106
-0.231021399328
-0.229780405105
-0.228522616066
-0.227248172666
-0.225957217151
-0.224649893555
-0.223326347674
-0.221986727058
-0.220631180964
-0.219259860367
-0.217872917932
-0.216470507983
-0.215052786498
-0.213619911072
-0.212172040921
-0.210709336821
-0.209231961149
-0.207740077797
-0.206233852193
-0.204713451261
-0.203179043412
-0.201630798505
-0.20006888784
-0.198493484139
-0.196904761505
-0.195302895418
-0.193688062697
-0.192060441496
-0.190420211252
-0.188767552711
-0.187102647844
-0.18542567987
-0.183736833209
-0.182036293473
-0.180324247428
-0.178600882976
-0.176866389139
-0.175120956024
-0.173364774802
-0.171598037676
-0.169820937883
-0.168033669635
-0.166236428117
-0.16442940945
-0.162612810678
-0.160786829724
-0.158951665393
-0.157107517317
-0.15525458595
-0.153393072533
-0.151523179072
-0.149645108311
-0.147759063702
-0.145865249397
-0.143963870196
-0.142055131541
-0.140139239479
-0.138216400646
-0.136286822224
-0.134350711943
-0.132408278022
-0.130459729168
-0.128505274537
-0.12654512371
-0.12457948667
-0.12260857377
-0.120632595715
-0.118651763526
-0.116666288523
-0.114676382283
-0.112682256639
-0.110684123629
-0.108682195481
-0.106676684587
-0.104667803473
-0.102655764773
-0.100640781203
-0.0986230655399
-0.0966028305852
-0.0945802891466
-0.0925556540063
-0.0905291379008
-0.0885009534825
-0.0864713133168
-0.0844404298269
-0.082408515289
-0.0803757817961
-0.0783424412375
-0.0763087052656
-0.0742747852782
-0.0722408923893
-0.0702072374002
-0.0681740307775
-0.0661414826254
-0.0641098026632
-0.0620792001937
-0.0600498840858
-0.0580220627414
-0.0559959440776
-0.0539717354911
-0.0519496438475
-0.0499298754429
-0.0479126359864
-0.0458981305733
-0.0438865636611
-0.0418781390436
-0.0398730598261
-0.0378715284065
-0.035873746443
-0.0338799148359
-0.0318902337004
-0.029904902346
-0.0279241192481
-0.0259480820313
-0.0239769874387
-0.0220110313137
-0.0200504085748
-0.0180953131932
-0.0161459381699
-0.0142024755126
-0.0122651162148
-0.0103340502315
-0.00840946645863
-0.00649155270951
-0.00458049569519
-0.00267648100073
-0.000779693064928
0.00110968484132
0.00299147063608
0.00486548344709
0.00673154363279
0.00858947280266
0.0104390938375
0.0122802309099
0.0141127095035
0.0159363564339
0.0177509998658
0.0195564693365
0.0213525957705
0.0231392115013
0.0249161502888
0.0266832473389
0.0284403393198
0.0301872643826
0.0319238621776
0.0336499738719
0.0353654421673
0.0370701113166
0.0387638271425
0.0404464370504
0.0421177900505
0.0437777367683
0.0454261294659
0.0470628220502
0.0486876700997
0.0503005308684
0.0519012633078
0.0534897280789
0.0550657875684
0.0566293059005
0.0581801489518
0.0597181843694
0.061243281577
0.062755311794
0.0642541480441
0.0657396651738
0.0672117398549
0.0686702506127
0.0701150778201
0.0715461037219
0.0729632124404
0.0743662899895
0.0757552242823
0.0771299051428
0.0784902243234
0.0798360755015
0.0811673543005
0.0824839582925
0.0837857870146
0.0850727419686
0.086344726639
0.0876016464942
0.0888434090027
0.0900699236276
0.0912811018512
0.0924768571695
0.0936571051039
0.0948217632091
0.0959707510764
0.097103990344
0.0982214046928
0.0993229198739
0.100408463688
0.101477966007
0.102531358772
0.103568576006
0.104589553803
0.105594230348
0.106582545912
0.107554442856
0.108509865639
0.109448760812
0.110371077031
0.111276765044
0.112165777722
0.113038070022
0.113893599019
0.114732323892
0.115554205934
0.116359208541
0.117147297223
0.117918439601
0.118672605405
0.119409766471
0.120129896747
0.120832972289
0.121518971257
0.122187873918
0.122839662636
0.123474321884
0.124091838219
0.124692200311
0.125275398909
0.125841426856
0.126390279078
0.126921952587
0.127436446465
0.127933761869
0.128413902035
0.128876872248
0.129322679861
0.129751334274
0.13016284694
0.130557231347
0.130934503026
0.131294679528
0.131637780437
0.131963827338
0.132272843839
0.13256485554
0.132839890033
0.133097976901
0.133339147699
0.133563435953
0.133770877141
0.133961508705
0.134135370018
0.134292502391
0.134432949051
0.134556755148
0.13466396772
0.134754635712
0.134828809941
0.1348865431
0.134927889739
0.134952906257
0.134961650893
0.134954183701
0.134930566568
0.134890863165
0.13483513896
0.134763461194
0.134675898879
0.134572522768
0.134453405358
0.134318620869
0.134168245235
0.134002356081
0.133821032718
0.133624356131
0.133412408952
0.133185275461
0.132943041555
0.132685794751
0.132413624148
0.132126620446
0.131824875891
0.131508484289
0.131177540974
0.130832142805
0.130472388133
0.1300983768
0.129710210121
0.129307990855
0.128891823204
0.128461812782
0.128018066614
0.127560693094
0.127089802007
0.126605504466
0.126107912927
0.12559714116
0.125073304229
0.12453651848
0.123986901513
0.123424572179
0.12284965055
0.122262257902
0.121662516693
0.121050550563
0.120426484289
0.119790443785
0.119142556072
0.118482949268
0.117811752556
0.117129096185
0.116435111427
0.115729930575
0.115013686914
0.114286514708
0.113548549174
0.11279992646
0.112040783642
0.111271258682
0.110491490421
0.109701618554
0.108901783616
0.108092126947
0.107272790697
0.106443917777
0.105605651859
0.104758137347
0.103901519356
0.103035943696
0.102161556846
0.10127850594
0.100386938739
0.0994870036171
0.0985788495284
0.0976626260099
0.0967384831335
0.0958065715036
0.0948670422269
0.0939200468995
0.092965737575
0.0920042667547
0.0910357873621
0.0900604527197
0.0890784165324
0.0880898328622
0.087094856113
0.0860936409988
0.0850863425443
0.0840731160364
0.0830541170248
0.0820295012902
0.0809994248297
0.0799640438289
0.078923514649
0.077877993803
0.0768276379321
0.0757726037884
0.0747130482127
0.0736491281167
0.0725810004568
0.0715088222213
0.0704327504022
0.069352941983
0.0682695539062
0.0671827430706
0.0660926662938
0.0649994803027
0.0639033417093
0.0628044069924
0.0617028324758
0.0605987743078
0.0594923884493
0.0583838306417
0.0572732563966
0.0561608209711
0.0550466793535
0.0539309862354
0.0528138960052
0.0516955627153
0.0505761400725
0.0494557814144
0.0483346396924
0.0472128674525
0.0460906168145
0.0449680394584
0.043845286601
0.0427225089806
0.0415998568338
0.0404774798874
0.0393555273291
0.0382341477968
0.0371134893571
0.0359936994913
0.0348749250728
0.0337573123551
0.0326410069509
0.0315261538162
0.0304128972335
0.0293013807937
0.0281917473816
0.0270841391551
0.0259786975363
0.0248755631861
0.0237748759946
0.022676775062
0.0215813986844
0.020488884336
0.0193993686561
0.0183129874319
0.0172298755835
0.0161501671493
0.0150739952704
0.0140014921767
0.0129327891709
0.0118680166159
0.0108073039187
0.00975077951765
0.00869857086684
0.00765080442478
0.00660760563827
0.00556909893042
0.00453540768686
0.00350665424282
0.00248295986996
0.00146444476383
0.000451228031359
-0.000556572321841
-0.00155883940347
-0.00255545744658
-0.00354631182162
-0.00453128904761
-0.00551027680453
-0.00648316394356
-0.00744984049897
-0.00841019769867
-0.00936412797514
-0.0103115249757
-0.0112522835729
-0.0121862998756
-0.0131134712375
-0.0140336962677
-0.01494687484
-0.0158529081031
-0.0167516984884
-0.0176431497203
-0.018527166824
-0.0194036561355
-0.0202725253075
-0.0211336833207
-0.0219870404897
-0.0228325084713
-0.0236700002727
-0.0244994302579
-0.0253207141562
-0.0261337690663
-0.0269385134691
-0.0277348672273
-0.0285227515964
-0.0293020892288
-0.0300728041818
-0.0308348219199
-0.031588069325
-0.0323324746981
-0.0330679677663
-0.0337944796872
-0.0345119430534
-0.0352202918985
-0.0359194616985
-0.0366093893806
-0.0372900133222
-0.0379612733594
-0.038623110784
-0.0392754683566
-0.0399182903001
-0.0405515223085
-0.0411751115472
-0.0417890066575
-0.0423931577561
-0.0429875164391
-0.0435720357859
-0.0441466703565
-0.0447113761971
-0.0452661108379
-0.0458108332986
-0.0463455040824
-0.0468700851881
-0.0473845400976
-0.0478888337859
-0.0483829327163
-0.0488668048433
-0.0493404196091
-0.0498037479456
-0.0502567622761
-0.0506994365079
-0.0511317460374
-0.0515536677448
-0.0519651799972
-0.0523662626408
-0.0527568970059
-0.0531370658994
-0.0535067536082
-0.0538659458885
-0.0542146299739
-0.0545527945644
-0.0548804298267
-0.0551975273918
-0.05550408035
-0.0558000832492
-0.0560855320867
-0.056360424316
-0.0566247588301
-0.0568785359662
-0.0571217574961
-0.0573544266274
-0.0575765479904
-0.0577881276441
-0.0579891730614
-0.0581796931296
-0.0583596981432
-0.0585291997981
-0.0586882111873
-0.0588367467905
-0.05897482248
-0.0591024554979
-0.0592196644626
-0.0593264693557
-0.0594228915202
-0.0595089536481
-0.0595846797778
-0.0596500952852
-0.0597052268787
-0.0597501025863
-0.0597847517537
-0.0598092050354
-0.0598234943841
-0.0598276530463
-0.0598217155502
-0.0598057177027
-0.0597796965719
-0.0597436904933
-0.0596977390449
-0.0596418830494
-0.0595761645597
-0.059500626854
-0.0594153144209
-0.0593202729553
-0.0592155493485
-0.0591011916741
-0.0589772491832
-0.0588437722906
-0.0587008125695
-0.0585484227332
-0.0583866566393
-0.0582155692615
-0.058035216693
-0.0578456561287
-0.0576469458583
-0.0574391452528
-0.0572223147541
-0.0569965158667
-0.0567618111436
-0.0565182641761
-0.0562659395798
-0.0560049029916
-0.0557352210475
-0.0554569613786
-0.0551701925944
-0.054874984277
-0.0545714069601
-0.054259532129
-0.0539394321976
-0.0536111805027
-0.0532748512897
-0.0529305197003
-0.0525782617608
-0.0522181543666
-0.0518502752786
-0.0514747030982
-0.0510915172642
-0.0507007980346
-0.0503026264787
-0.0498970844572
-0.0494842546192
-0.0490642203791
-0.0486370659106
-0.0482028761297
-0.0477617366838
-0.0473137339376
-0.0468589549588
-0.046397487508
-0.0459294200218
-0.0454548416025
-0.0449738419987
-0.0444865116036
-0.0439929414279
-0.0434932230956
-0.0429874488255
-0.0424757114217
-0.0419581042546
-0.0414347212524
-0.0409056568854
-0.040371006151
-0.039830864562
-0.0392853281307
-0.0387344933581
-0.0381784572145
-0.0376173171358
-0.0370511709971
-0.0364801171084
-0.0359042541958
-0.0353236813905
-0.0347384982121
-0.0341488045564
-0.033554700682
-0.0329562871955
-0.0323536650371
-0.0317469354664
-0.0311362000522
-0.030521560653
-0.0299031194078
-0.0292809787184
-0.0286552412397
-0.0280260098602
-0.0273933876955
-0.0267574780674
-0.0261183844944
-0.0254762106762
-0.0248310604807
-0.0241830379294
-0.0235322471835
-0.0228787925329
-0.0222227783782
-0.0215643092205
-0.0209034896456
-0.0202404243125
-0.0195752179365
-0.0189079752808
-0.0182388011376
-0.017567800318
-0.0168950776375
-0.0162207379027
-0.0155448858981
-0.0148676263724
-0.0141890640261
-0.0135093034974
-0.0128284493499
-0.0121466060578
-0.0114638779959
-0.0107803694235
-0.0100961844731
-0.00941142713723
-0.00872620125569
-0.00804061050211
-0.00735475837241
-0.00666874817128
-0.00598268299985
-0.00529666574323
-0.00461079905789
-0.00392518535956
-0.0032399268104
-0.00255512530766
-0.00187088247044
-0.00118729962831
-0.000504477808969
0.000177482273564
0.000858480230922
0.00153841601215
0.00221718991545
0.00289470259984
0.00357085509667
0.00424554882109
0.00491868558363
0.00559016760111
0.00625989750847
0.00692777836927
0.00759371368745
0.0082576074171
0.00891936397528
0.00957888825078
0.0102360856161
0.0108908619375
0.0115431235859
0.0121927774468
0.0128397309306
0.0134838919842
0.0141251690989
0.0147634713221
0.0153987082663
0.0160307901201
0.0166596276554
0.0172851322415
0.0179072158494
0.0185257910651
0.0191407710969
0.0197520697859
0.0203596016136
0.0209632817119
0.0215630258735
0.0221587505569
0.0227503728984
0.0233378107188
0.0239209825338
0.0244998075595
0.0250742057237
0.0256440976714
0.0262094047756
0.0267700491413
0.0273259536179
0.0278770418035
0.0284232380536
0.0289644674889
0.0295006560018
0.0300317302647
0.0305576177342
0.0310782466648
0.0315935461072
0.0321034459214
0.0326078767797
0.0331067701765
0.0336000584302
0.0340876746949
0.0345695529622
0.0350456280694
0.0355158357046
0.0359801124125
0.0364383956016
0.036890623546
0.0373367353963
0.0377766711798
0.0382103718101
0.0386377790858
0.0390588357053
0.0394734852616
0.0398816722532
0.0402833420864
0.0406784410812
0.0410669164729
0.0414487164188
0.0418237900033
0.0421920872381
0.0425535590697
0.0429081573802
0.0432558349946
0.0435965456775
0.0439302441481
0.0442568860702
0.0445764280647
0.0448888277083
0.0451940435386
0.0454920350542
0.0457827627194
0.0460661879688
0.0463422732042
0.0466109818014
0.0468722781098
0.0471261274575
0.0473724961484
0.0476113514696
0.0478426616883
0.0480663960584
0.0482825248139
0.0484910191808
0.0486918513698
0.0488849945808
0.0490704230044
0.0492481118212
0.0494180372038
0.0495801763138
0.0497345073116
0.0498810093449
0.0500196625577
0.0501504480854
0.0502733480597
0.0503883456013
0.0504954248291
0.0505945708518
0.0506857697718
0.0507690086833
0.0508442756719
0.0509115598143
0.0509708511739
0.0510221408103
0.0510654207636
0.0511006840643
0.0511279247264
0.0511471377503
0.0511583191162
0.0511614657866
0.0511565757028
0.051143647785
0.0511226819259
0.0510936789933
0.0510566408273
0.0510115702353
0.0509584709929
0.0508973478384
0.0508282064743
0.050751053557
0.0506658967076
0.0505727444936
0.0504716064366
0.0503624930045
0.0502454156114
0.05012038661
0.0499874192924
0.0498465278871
0.0496977275509
0.0495410343697
0.0493764653519
0.049204038428
0.0490237724402
0.0488356871508
0.0486398032222
0.0484361422258
0.0482247266305
0.0480055798022
0.0477787259969
0.0475441903569
0.0473019989081
0.0470521785534
0.0467947570682
0.0465297630936
0.0462572261391
0.0459771765676
0.0456896455978
0.0453946652939
0.0450922685663
0.0447824891581
0.0444653616499
0.0441409214455
0.0438092047713
0.0434702486693
0.0431240909913
0.0427707703941
0.0424103263304
0.0420427990514
0.0416682295898
0.0412866597619
0.0408981321573
0.0405026901365
0.0401003778203
0.0396912400873
0.0392753225655
0.0388526716283
0.0384233343836
0.0379873586723
0.0375447930598
0.0370956868278
0.0366400899711
0.036178053187
0.0357096278725
0.0352348661121
0.0347538206796
0.0342665450217
0.0337730932573
0.0332735201676
0.0327678811913
0.0322562324144
0.0317386305663
0.0312151330111
0.03068579774
0.0301506833648
0.02960984911
0.0290633548066
0.0285112608813
0.0279536283563
0.0273905188327
0.0268219944899
0.0262481180746
0.0256689528951
0.0250845628122
0.0244950122318
0.0239003660989
0.0233006898879
0.0226960495958
0.0220865117332
0.0214721433195
0.0208530118717
0.0202291853988
0.0196007323921
0.0189677218198
0.0183302231155
0.0176883061749
0.0170420413435
0.0163914994111
0.0157367516031
0.0150778695725
0.0144149253918
0.0137479915446
0.0130771409194
0.0124024467987
0.0117239828528
0.011041823131
0.0103560420541
0.00966671440492
0.00897391532249
0.00827772029123
0.00757820513469
0.0068754460065
0.00616951938254
0.00546050205267
0.00474847111238
0.00403350395506
0.00331567826335
0.0025950720012
0.00187176340544
0.00114583097805
0.000417353477477
-0.000313590089291
-0.00104692047496
-0.00178255820015
-0.00252042356144
-0.00326043663974
-0.00400251730829
-0.0047465852409
-0.00549255992011
-0.0062403606452
-0.00698990654062
-0.00774111656331
-0.00849390951254
-0.0092482040358
-0.0100039186386
-0.0107609716914
-0.011519281439
-0.0122787660066
-0.0130393434099
-0.0138009315622
-0.0145634482819
-0.0153268113014
-0.0160909382741
-0.0168557467836
-0.0176211543501
-0.0183870784397
-0.0191534364713
-0.0199201458253
-0.0206871238494
-0.0214542878705
-0.0222215551976
-0.022988843133
-0.0237560689787
-0.0245231500443
-0.0252900036546
-0.0260565471564
-0.0268226979292
-0.0275883733888
-0.0283534909975
-0.0291179682698
-0.0298817227827
-0.0306446721783
-0.0314067341785
-0.0321678265844
-0.0329278672895
-0.0336867742841
-0.034444465664
-0.0352008596367
-0.0359558745281
-0.0367094287945
-0.0374614410218
-0.0382118299388
-0.0389605144212
-0.0397074135012
-0.0404524463711
-0.0411955323934
-0.0419365911054
-0.0426755422291
-0.0434123056722
-0.0441468015426
-0.0448789501494
-0.0456086720114
-0.0463358878643
-0.0470605186662
-0.0477824856057
-0.0485017101037
-0.049218113831
-0.0499316187003
-0.0506421468835
-0.0513496208119
-0.0520539631875
-0.0527550969824
-0.0534529454533
-0.0541474321412
-0.0548384808804
-0.0555260158035
-0.0562099613473
-0.0568902422609
-0.0575667836065
-0.0582395107727
-0.0589083494731
-0.0595732257584
-0.0602340660123
-0.0608907969726
-0.0615433457213
-0.0621916396991
-0.0628356067077
-0.0634751749177
-0.0641102728692
-0.064740829481
-0.0653667740582
-0.0659880362902
-0.0666045462627
-0.0672162344571
-0.0678230317623
-0.0684248694686
-0.0690216792906
-0.0696133933518
-0.0701999442035
-0.0707812648234
-0.0713572886232
-0.0719279494497
-0.0724931815917
-0.073052919789
-0.0736070992268
-0.0741556555484
-0.0746985248547
-0.0752356437139
-0.0757669491579
-0.0762923786952
-0.0768118703073
-0.077325362461
-0.0778327941001
-0.078334104665
-0.0788292340839
-0.079318122782
-0.0798007116857
-0.0802769422239
-0.0807467563342
-0.0812100964596
-0.0816669055684
-0.0821171271374
-0.0825607051697
-0.0829975841896
-0.0834277092545
-0.0838510259456
-0.084267480387
-0.0846770192347
-0.0850795896877
-0.0854751394882
-0.0858636169244
-0.0862449708353
-0.0866191506065
-0.0869861061916
-0.0873457880885
-0.0876981473627
-0.0880431356393
-0.0883807051129
-0.0887108085416
-0.089033399256
-0.0893484311591
-0.0896558587316
-0.0899556370259
-0.090247721677
-0.0905320689033
-0.0908086355031
-0.0910773788638
-0.0913382569562
-0.0915912283458
-0.0918362521793
-0.0920732882113
-0.0923022967783
-0.0925232388192
-0.0927360758681
-0.0929407700618
-0.0931372841331
-0.0933255814193
-0.093505625865
-0.0936773820144
-0.0938408150209
-0.0939958906425
-0.0941425752501
-0.0942808358149
-0.0944106399344
-0.0945319558018
-0.0946447522318
-0.0947489986485
-0.0948446650926
-0.0949317222174
-0.0950101412907
-0.0950798941999
-0.0951409534475
-0.0951932921527
-0.0952368840479
-0.0952717034941
-0.0952977254612
-0.0953149255428
-0.0953232799471
-0.0953227655077
-0.0953133596674
-0.0952950405002
-0.095267786691
-0.0952315775472
-0.0951863929952
-0.0951322135801
-0.0950690204665
-0.0949967954322
-0.0949155208866
-0.0948251798441
-0.0947257559435
-0.0946172334374
-0.0944995972
-0.0943728327159
-0.0942369260891
-0.0940918640372
-0.0939376338959
-0.0937742236079
-0.0936016217335
-0.0934198174455
-0.0932288005251
-0.0930285613673
-0.0928190909728
-0.0926003809551
-0.0923724235258
-0.092135211517
-0.0918887383542
-0.0916329980723
-0.0913679853059
-0.0910936952953
-0.0908101238749
-0.0905172674818
-0.0902151231515
-0.0899036885124
-0.0895829617896
-0.0892529417985
-0.0889136279496
-0.0885650202347
-0.0882071192484
-0.0878399261574
-0.0874634427206
-0.0870776712764
-0.0866826147475
-0.0862782766325
-0.0858646610072
-0.0854417725254
-0.0850096164138
-0.084568198469
-0.0841175250544
-0.0836576031079
-0.083188440126
-0.0827100441722
-0.0822224238667
-0.0817255883938
-0.0812195474853
-0.0807043114379
-0.0801798910918
-0.0796462978398
-0.079103543621
-0.0785516409193
-0.0779906027599
-0.0774204427048
-0.0768411748609
-0.0762528138616
-0.0756553748762
-0.0750488736005
-0.0744333262607
-0.0738087496001
-0.0731751608925
-0.0725325779221
-0.071881018993
-0.0712205029203
-0.0705510490298
-0.0698726771547
-0.06918540763
-0.0684892612961
-0.067784259489
-0.0670704240423
-0.0663477772763
-0.06561634201
-0.0648761415416
-0.0641271996559
-0.0633695406158
-0.0626031891646
-0.061828170515
-0.0610445103545
-0.0602522348371
-0.0594513705806
-0.0586419446654
-0.057823984628
-0.0569975184622
-0.0561625746079
-0.0553191819622
-0.0544673698586
-0.0536071680766
-0.0527386068314
-0.0518617167757
-0.0509765289897
-0.0500830749847
-0.0491813866961
-0.0482714964791
-0.0473534371073
-0.0464272417673
-0.0454929440582
-0.0445505779832
-0.0436001779524
-0.0426417787728
-0.041675415651
-0.0407011241815
-0.0397189403541
-0.0387289005396
-0.0377310414929
-0.0367254003465
-0.0357120146083
-0.0346909221564
-0.0336621612358
-0.0326257704579
-0.0315817887912
-0.0305302555623
-0.0294712104492
-0.0284046934802
-0.0273307450264
-0.0262494058039
-0.0251607168633
-0.0240647195909
-0.0229614557024
-0.0218509672404
-0.0207332965696
-0.0196084863734
-0.018476579652
-0.0173376197148
-0.0161916501797
-0.0150387149678
-0.0138788583006
-0.012712124695
-0.0115385589606
-0.0103582061952
-0.00917111178138
-0.00797732138187
-0.00677688093702
-0.00556983665987
-0.00435623503269
-0.00313612280322
-0.00190954698064
-0.00067655483188
0.000562806122338
0.00180848811124
0.00306044311792
0.00431862288322
0.00558297890943
0.00685346246446
0.008130024585
0.00941261608136
0.0107011875405
0.0119956893303
0.013296071603
0.0146022842996
0.0159142771534
0.0172319996932
0.0185554012486
0.0198844309524
0.0212190377458
0.0225591703794
0.023904777422
0.0252558072591
0.0266122081001
0.0279739279807
0.0293409147677
0.0307131161609
0.0320904796985
0.0334729527618
0.034860482576
0.036253016217
0.0376505006123
0.0390528825481
0.0404601086677
0.0418721254842
0.0432888793738
0.044710316587
0.0461363832488
0.0475670253643
0.04900218882
0.050441819389
0.0518858627378
0.0533342644228
0.0547869699004
0.0562439245261
0.0577050735633
0.0591703621799
0.0606397354594
0.0621131383981
0.0635905159156
0.0650718128479
0.0665569739639
0.0680459439589
0.0695386674624
0.0710350890417
0.0725351532036
0.0740388044004
0.0755459870265
0.0770566454374
0.0785707239343
0.0800881667809
0.0816089181991
0.0831329223802
0.0846601234765
0.0861904656202
0.087723892913
0.0892603494372
0.0907997792564
0.0923421264186
0.0938873349618
0.0954353489094
0.0969861122937
0.098539569131
0.100095663447
0.101654339268
0.103215540633
0.104779211588
0.106345296194
0.107913738532
0.109484482703
0.111057472831
0.112632653065
0.11420996759
0.115789360619
0.117370776406
0.118954159239
0.120539453454
0.122126603424
0.123715553584
0.125306248409
0.126898632433
0.128492650247
0.130088246503
0.131685365914
0.13328395326
0.134883953395
0.136485311238
0.138087971787
0.139691880116
0.141296981382
0.142903220814
0.144510543751
0.146118895596
0.147728221857
0.149338468131
0.150949580117
0.152561503608
0.1541741845
0.155787568798
0.157401602613
0.159016232165
0.16063140378
0.162247063916
0.163863159133
0.165479636121
0.167096441685
0.168713522766
0.170330826415
0.171948299835
0.173565890345
0.175183545407
0.176801212619
0.178418839717
0.180036374581
0.181653765226
0.183270959837
0.184887906722
0.186504554357
0.188120851361
0.189736746519
0.191352188762
0.19296712719
0.19458151106
0.196195289801
0.197808412997
0.199420830406
0.201032491961
0.202643347759
0.204253348082
0.205862443377
0.207470584282
0.209077721594
0.210683806323
0.21228878964
0.213892622913
0.215495257691
0.217096645723
0.218696738936
0.220295489462
0.221892849627
0.22348877195
0.225083209154
0.226676114156
0.228267440085
0.229857140252
0.231445168214
0.233031477696
0.234616022654
0.236198757243
0.237779635842
0.239358613033
0.240935643616
0.24251068261
0.244083685257
0.24565460701
0.24722340354
0.248790030758
0.250354444783
0.25191660197
0.253476458889
0.255033972355
0.256589099388
0.258141797269
0.259692023488
0.261239735778
0.262784892106
0.264327450676
0.265867369925
0.267404608522
0.2689391254
0.270470879708
0.271999830849
0.273525938461
0.275049162439
0.276569462898
0.278086800235
0.279601135063
0.281112428261
0.282620640949
0.2841257345
0.285627670539
0.287126410934
0.288621917822
0.290114153581
0.291603080855
0.293088662516
0.294570861737
0.296049641912
0.29752496671
0.298996800047
0.300465106117
0.301929849348
0.303390994452
0.304848506396
0.306302350404
0.307752491971
0.309198896847
0.310641531059
0.312080360869
0.313515352856
0.314946473818
0.316373690844
0.317796971277
0.319216282744
0.320631593118
0.322042870559
0.323450083494
0.324853200614
0.326252190883
0.327647023531
0.329037668069
0.330424094263
0.331806272169
0.333184172101
0.334557764661
0.33592702069
0.337291911351
0.338652408042
0.340008482449
0.341360106529
0.342707252519
0.344049892919
0.345388000502
0.346721548338
0.348050509748
0.349374858341
0.350694567988
0.352009612856
0.353319967352
0.354625606207
0.355926504385
0.357222637149
0.358513980026
0.359800508827
0.361082199633
0.362359028792
0.363630972947
0.364898009004
0.366160114153
0.367417265831
0.368669441797
0.369916620048
0.371158778876
0.372395896831
0.373627952761
0.374854925757
0.376076795214
0.377293540788
0.378505142408
0.379711580285
0.380912834895
0.382108886996
0.383299717591
0.384485308012
0.385665639811
0.38684069484
0.388010455207
0.389174903313
0.3903340218
0.391487793611
0.392636201945
0.393779230276
0.394916862345
0.39604908216
0.397175874011
0.398297222434
0.39941311226
0.400523528567
0.401628456722
0.40272788232
0.403821791277
0.404910169734
0.405993004113
0.407070281099
0.408141987648
0.409208110966
0.410268638527
0.411323558085
0.412372857635
0.41341652545
0.414454550049
0.415486920232
0.416513625021
0.417534653759
0.41854999599
0.419559641551
0.420563580519
0.421561803242
0.42255430031
0.42354106257
0.424522081151
0.425497347404
0.426466852951
0.427430589654
0.428388549649
0.429340725296
0.430287109232
0.431227694323
0.432162473711
0.433091440747
0.434014589073
0.434931912552
0.435843405301
0.436749061686
0.437648876312
0.438542844036
0.43943095993
0.440313219365
0.441189617901
0.442060151368
0.442924815817
0.443783607563
0.444636523123
0.445483559293
0.446324713079
0.447159981732
0.447989362738
0.448812853812
0.449630452911
0.450442158195
0.451247968123
0.452047881311
0.452841896648
0.453630013231
0.454412230403
0.455188547717
0.455958964958
0.456723482138
0.457482099503
0.458234817499
0.458981636806
0.459722558337
0.460457583209
0.461186712771
0.461909948575
0.462627292414
0.463338746249
0.464044312334
0.464743993068
0.465437791099
0.466125709273
0.466807750662
0.467483918529
0.468154216353
0.468818647843
0.469477216889
0.470129927601
0.470776784282
0.471417791462
0.472052953843
0.47268227636
0.473305764125
0.473923422481
0.47453525692
0.47514127319
0.4757414772
0.476335875064
0.476924473095
0.477507277797
0.47808429587
0.478655534181
0.479220999839
0.479780700099
0.480334642427
0.480882834458
0.481425284043
0.481961999172
0.482492988075
0.483018259126
0.483537820896
0.484051682137
0.484559851779
0.485062338932
0.485559152861
0.486050303069
0.486535799172
0.487015650994
0.487489868514
0.487958461907
0.488421441493
0.488878817779
0.489330601433
0.489776803311
0.490217434401
0.490652505882
0.491082029098
0.491506015546
0.4919244769
0.492337424976
0.492744871776
0.493146829411
0.49354331023
0.493934326671
0.494319891359
0.494700017061
0.495074716717
0.495444003391
0.495807890319
0.496166390891
0.496519518635
0.496867287234
0.497209710508
0.497546802444
0.497878577128
0.498205048871
0.498526232047
0.498842141216
0.49915279106
0.499458196416
0.499758372245
0.500053333646
0.500343095866
0.500627674285
0.500907084411
0.501181341869
0.501450462461
0.501714462079
0.501973356769
0.502227162682
0.502475896132
0.502719573503
0.502958211377
0.503191826402
0.503420435379
0.50364405522
0.503862702966
0.504076395771
0.50428515089
0.504488985753
0.50468791785
0.504881964814
0.505071144378
0.505255474411
0.505434972854
0.50560965782
0.505779547478
0.505944660138
0.506105014205
0.506260628195
0.506411520733
0.506557710535
0.506699216446
0.506836057396
0.506968252433
0.507095820662
0.507218781364
0.507337153855
0.50745095758
0.507560212064
0.507664936952
0.507765151949
0.507860876884
0.507952131672
0.508038936314
0.508121310911
0.50819927564
0.508272850788
0.508342056683
0.508406913825
0.508467442718
0.508523663994
0.508575598351
0.50862326659
0.508666689572
0.508705888244
0.508740883642
0.508771696888
0.508798349161
0.508820861718
0.508839255922
0.508853553179
0.508863774993
0.508869942919
0.508872078615
0.508870203756
0.508864340161
0.508854509663
0.508840734187
0.508823035719
0.508801436321
0.508775958109
0.508746623253
0.508713454034
0.508676472748
0.50863570178
0.508591163557
0.508542880594
0.508490875417
0.508435170683
0.508375789042
0.508312753237
0.508246086051
0.508175810332
0.508101948978
0.508024524928
0.507943561201
0.507859080847
0.507771106984
0.507679662736
0.507584771346
0.507486456052
0.507384740165
0.507279647021
0.507171200036
0.507059422624
0.506944338286
0.506825970547
0.506704342977
0.506579479191
0.506451402839
0.506320137623
0.506185707243
0.506048135517
0.505907446227
0.505763663228
0.505616810394
0.505466911657
0.505313990949
0.505158072271
0.504999179641
0.504837337111
0.504672568765
0.504504898713
0.504334351108
0.504160950107
0.503984719929
0.503805684793
0.503623868972
0.503439296715
0.503251992368
0.503061980247
0.502869284716
0.502673930151
0.502475940967
0.502275341581
0.502072156432
0.501866410009
0.501658126787
0.501447331283
0.501234048012
0.501018301534
0.500800116377
0.50057951716
0.500356528452
0.50013117487
0.499903481033
0.499673471586
0.499441171169
0.499206604438
0.498969796094
0.498730770805
0.498489553275
0.498246168202
0.498000640315
0.497752994324
0.497503254973
0.497251446992
0.496997595148
0.496741724165
0.496483858825
0.496224023885
0.495962244113
0.495698544286
0.495432949179
0.495165483574
0.494896172225
0.494625039954
0.494352111521
0.494077411719
0.493800965322
0.493522797129
0.493242931895
0.492961394423
0.492678209482
0.492393401849
0.492106996294
0.491819017583
0.491529490486
0.49123843974
0.490945890117
0.490651866351
0.490356393197
0.490059495353
0.489761197577
0.489461524571
0.489160501045
0.488858151692
0.488554501214
0.488249574274
0.48794339554
0.48763598968
0.48732738133
0.487017595131
0.486706655695
0.486394587642
0.486081415533
0.485767163992
0.485451857556
0.485135520787
0.484818178215
0.484499854368
0.484180573737
0.483860360808
0.483539240068
0.483217235957
0.482894372915
0.482570675351
0.482246167675
0.481920874248
0.481594819442
0.481268027584
0.480940523013
0.480612329994
0.480283472831
0.479953975768
0.479623863038
0.479293158854
0.478961887404
0.478630072855
0.478297739325
0.477964910964
0.477631611846
0.477297866048
0.476963697603
0.476629130546
0.476294188841
0.475958896482
0.475623277394
0.475287355496
0.474951154673
0.474614698783
0.474278011659
0.473941117082
0.473604038864
0.473266800727
0.472929426394
0.472591939546
0.472254363852
0.471916722927
0.471579040373
0.471241339751
0.470903644612
0.47056597844
0.470228364714
0.46989082688
0.469553388341
0.469216072481
0.468878902634
0.468541902124
0.468205094195
0.467868502132
0.46753214912
0.467196058343
0.466860252935
0.466524756016
0.466189590641
0.46585477985
0.465520346653
0.46518631401
0.464852704853
0.464519542069
0.464186848525
0.463854647012
0.463522960358
0.463191811277
0.46286122249
0.462531216661
0.462201816432
0.461873044393
0.461544923094
0.461217475059
0.460890722773
0.460564688672
0.46023939514
0.459914864566
0.459591119256
0.459268181503
0.458946073536
0.458624817575
0.458304435752
0.45798495022
0.457666383041
0.457348756259
0.457032091873
0.45671641184
0.456401738075
0.456088092432
0.455775496774
0.455463972873
0.455153542481
0.454844227294
0.454536048987
0.454229029154
0.453923189401
0.453618551241
0.453315136174
0.453012965641
0.452712061045
0.452412443746
0.45211413505
0.451817156237
0.451521528528
0.451227273115
0.450934411103
0.450642963623
0.450352951702
0.45006439635
0.449777318516
0.449491739127
0.44920767903
0.448925159055
0.44864419998
0.448364822533
0.4480870474
0.447810895212
0.447536386572
0.447263541994
0.44699238202
0.446722927075
0.446455197573
0.446189213866
0.445924996278
0.445662565063
0.445401940437
0.445143142572
0.444886191599
0.444631107587
0.444377910551
0.444126620492
0.44387725733
0.443629840959
0.443384391204
0.44314092787
0.442899470665
0.442660039317
0.442422653449
0.442187332662
0.441954096501
0.441722964468
0.441493956009
0.44126709051
0.441042387347
0.440819865809
0.440599545156
0.440381444581
0.440165583255
0.439951980255
0.439740654672
0.43953162549
0.439324911676
0.439120532133
0.438918505723
0.438718851253
0.438521587471
0.438326733097
0.438134306786
0.437944327153
0.437756812728
0.437571782053
0.437389253567
0.437209245686
0.437031776757
0.436856865102
0.436684528955
0.436514786537
0.436347655998
0.436183155443
0.436021302927
0.435862116449
0.435705613968
0.435551813357
0.435400732506
0.435252389187
0.435106801159
0.434963986109
0.434823961695
0.434686745492
0.434552355056
0.434420807877
0.434292121395
0.434166312999
0.434043400021
0.433923399756
0.433806329422
0.433692206216
0.433581047257
0.433472869642
0.433367690363
0.433265526432
0.433166394753
0.433070312203
0.432977295599
0.432887361715
0.432800527259
0.432716808887
0.432636223229
0.432558786831
0.432484516209
0.432413427808
0.432345538045
0.432280863239
0.432219419726
0.432161223729
0.432106291448
0.432054639022
0.432006282542
0.431961238039
0.431919521486
0.431881148838
0.431846135959
0.431814498676
0.431786252757
0.431761413933
0.431739997857
0.431722020153
0.431707496373
0.431696442043
0.431688872592
0.431684803443
0.431684249939
0.431687227376
0.431693751002
0.431703836005
0.431717497528
0.431734750628
0.431755610374
0.431780091722
0.431808209606
0.431839978887
0.4318754144
0.431914530884
0.431957343072
0.432003865614
0.432054113118
0.432108100134
0.432165841157
0.43222735064
0.432292642956
0.432361732457
0.432434633418
0.432511360084
0.432591926598
0.432676347115
0.432764635688
0.432856806337
0.432952873018
0.433052849648
0.433156750069
0.433264588077
0.433376377429
0.43349213181
0.433611864862
0.433735590161
0.433863321249
0.433995071569
0.434130854582
0.434270683629
0.434414572033
0.434562533045
0.434714579877
0.434870725669
0.435030983512
0.435195366463
0.435363887498
0.435536559552
0.435713395495
0.435894408162
0.436079610304
0.436269014647
0.436462633839
0.436660480501
0.436862567154
0.437068906314
0.437279510413
0.437494391835
0.437713562911
0.437937035917
0.438164823073
0.438396936522
0.438633388403
0.438874190754
0.439119355581
0.439368894816
0.439622820365
0.439881144035
0.440143877626
0.440411032849
0.440682621374
0.440958654812
0.441239144718
0.441524102593
0.44181353986
0.442107467944
0.442405898153
0.442708841774
0.443016310017
0.44332831406
0.443644865002
0.443965973897
0.444291651739
0.444621909482
0.444956757992
0.445296208103
0.445640270591
0.445988956167
0.446342275496
0.446700239172
0.447062857755
0.447430141702
0.447802101484
0.448178747454
0.44856008994
0.448946139196
0.449336905441
0.449732398807
0.450132629388
0.450537607228
0.450947342298
0.451361844521
0.451781123753
0.452205189809
0.452634052409
0.453067721285
0.45350620604
0.453949516261
0.454397661459
0.454850651101
0.455308494583
0.455771201245
0.456238780376
0.45671124121
0.457188592913
0.457670844579
0.458158005286
0.458650084015
0.459147089711
0.45964903124
0.460155917438
0.460667757037
0.461184558769
0.461706331259
0.462233083098
0.462764822809
0.46330155886
0.463843299658
0.46439005353
0.464941828798
0.465498633671
0.466060476325
0.466627364862
0.467199307345
0.467776311739
0.468358386005
0.468945537994
0.469537775526
0.470135106348
0.470737538151
0.471345078567
0.471957735154
0.472575515435
0.473198426851
0.473826476802
0.474459672581
0.475098021495
0.475741530728
0.476390207431
0.47704405868
0.477703091512
0.478367312866
0.479036729652
0.479711348711
0.480391176814
0.481076220681
0.481766486958
0.482461982244
0.483162713037
0.48386868585
0.484579907056
0.485296383008
0.486018119978
0.486745124193
0.487477401799
0.488214958883
0.488957801477
0.489705935555
0.49045936701
0.49121810167
0.49198214533
0.492751503691
0.49352618241
0.49430618706
0.495091523181
0.495882196195
0.496678211532
0.4974795745
0.49828629037
0.499098364341
0.499915801553
0.500738607072
0.50156678589
0.502400342976
0.50323928319
0.504083611352
0.504933332196
0.505788450419
0.506648970606
0.507514897345
0.508386235094
0.509262988283
0.510145161258
0.511032758311
0.51192578366
0.512824241447
0.513728135772
0.514637470652
0.515552250047
0.516472477814
0.517398157809
0.518329293766
0.519265889379
0.520207948253
0.52115547396
0.522108469954
0.523066939669
0.524030886447
0.525000313567
0.525975224244
0.526955621613
0.52794150876
0.528932888655
0.529929764282
0.530932138481
0.53194001406
0.532953393738
0.533972280193
0.53499667599
0.536026583667
0.537062005675
0.538102944395
0.539149402137
0.54020138114
0.541258883583
0.542321911551
0.543390467089
0.544464552145
0.545544168627
0.546629318312
0.547720002989
0.548816224311
0.549917983888
0.551025283248
0.552138123861
0.553256507104
0.554380434285
0.555509906671
0.556644925419
0.557785491637
0.558931606341
0.560083270501
0.561240484963
0.56240325058
0.563571568058
0.564745438069
0.565924861197
0.567109837961
0.568300368795
0.569496454052
0.570698094057
0.571905289008
0.573118039055
0.574336344258
0.575560204625
0.576789620061
0.578024590421
0.579265115461
0.5805111949
0.581762828321
0.583020015293
0.584282755275
0.585551047657
0.58682489176
0.588104286818
0.589389232002
0.590679726362
0.591975768956
0.593277358689
0.594584494427
0.595897174936
0.597215398936
0.598539165019
0.599868471759
0.601203317612
0.602543700973
0.603889620153
0.605241073383
0.606598058827
0.60796057454
0.609328618541
0.610702188738
0.61208128299
0.613465899014
0.614856034538
0.616251687141
0.617652854354
0.619059533613
0.620471722295
0.621889417666
0.623312616926
0.624741317214
0.626175515561
0.627615208937
0.62906039421
0.630511068199
0.631967227577
0.633428869037
0.634895989101
0.636368584254
0.637846650881
0.639330185304
0.640819183736
0.642313642318
0.643813557139
0.645318924164
0.646829739297
0.648345998345
0.649867697056
0.65139483106
0.652927395938
0.65446538716
0.656008800151
0.657557630185
0.659111872529
0.660671522318
0.662236574616
0.663807024408
0.665382866588
0.666964095971
0.668550707251
0.670142695114
0.671740054091
0.673342778667
0.674950863212
0.676564302049
0.678183089357
0.679807219301
0.681436685907
0.683071483139
0.684711604868
0.686357044879
0.688007796874
0.689663854433
0.69132521114
0.692991860395
0.694663795566
0.696341009905
0.698023496609
0.699711248753
0.701404259343
0.703102521291
0.704806027448
0.706514770525
0.708228743183
0.709947937996
0.711672347431
0.713401963888
0.715136779654
0.71687678696
0.718621977878
0.720372344504
0.722127878747
0.723888572475
0.725654417445
0.727425405352
0.729201527762
0.730982776175
0.732769142017
0.734560616597
0.736357191151
0.738158856805
0.739965604628
0.74177742553
0.743594310452
0.745416250122
0.747243235249
0.749075256417
0.750912304149
0.752754368849
0.754601440834
0.756453510349
0.758310567541
0.760172602458
0.762039605031
0.763911565173
0.765788472635
0.767670317118
0.769557088198
0.771448775404
0.773345368098
0.775246855649
0.777153227255
0.77906447206
0.780980579103
0.782901537337
0.784827335619
0.786757962679
0.788693407247
0.790633657868
0.792578703042
0.794528531145
0.796483130505
0.798442489304
0.800406595669
0.802375437609
0.804349003083
0.806327279889
0.808310255785
0.810297918425
0.812290255355
0.814287254049
0.816288901866
0.818295186098
0.820306093871
0.822321612341
0.824341728463
0.826366429152
0.828395701199
0.830429531341
0.832467906163
0.834510812203
0.836558235899
0.838610163579
0.840666581492
0.842727475774
0.844792832497
0.846862637565
0.848936876923
0.851015536288
0.853098601356
0.855186057696
0.857277890813
0.859374086087
0.861474628807
0.863579504186
0.865688697346
0.867802193288
0.869919976913
0.87204203308
0.874168346501
0.876298901828
0.878433683582
0.880572676242
0.882715864103
0.884863231483
0.887014762514
0.889170441274
0.891330251734
0.893494177783
0.895662203196
0.897834311639
0.900010486756
0.902190712021
0.904374970852
0.906563246544
0.908755522342
0.910951781315
0.91315200656
0.915356180966
0.917564287393
0.919776308578
0.921992227178
0.924212025752
0.926435686739
0.928663192531
0.930894525396
0.933129667527
0.935368600954
0.937611307737
0.939857769738
0.942107968776
0.944361886541
0.946619504682
0.948880804676
0.95114576798
0.953414375924
0.955686609747
0.957962450603
0.960241879537
0.962524877525
0.964811425377
0.967101503951
0.969395093875
0.971692175756
0.973992730071
0.976296737249
0.978604177557
0.98091503124
0.983229278421
0.98554689913
0.987867873304
0.990192180781
0.992519801331
0.994850714586
0.997184900147
0.999522337466
1.00186300596
1.00420688486
1.00655395345
1.00890419078
1.0112575759
1.01361408772
1.01597370509
1.01833640676
1.02070217134
1.02307097746
1.02544280356
1.02781762803
1.03019542915
1.03257618515
1.03495987408
1.03734647405
1.03973596294
1.04212831861
1.0445235188
1.0469215412
1.04932236338
1.05172596279
1.05413231687
1.05654140292
1.05895319817
1.0613676797
1.06378482462
1.06620460985
1.06862701229
1.07105200869
1.07347957579
1.07590969013
1.07834232829
1.08077746667
1.08321508163
1.08565514944
1.08809764627
1.09054254822
1.09298983123
1.09543947131
1.09789144424
1.10034572579
1.1028022916
1.10526111729
1.10772217829
1.11018545006
1.11265090791
1.11511852709
1.11758828276
1.12006014999
1.12253410379
1.12501011904
1.12748817059
1.12996823317
1.13245028148
1.13493429003
1.13742023341
1.13990808598
1.1423978221
1.14488941602
1.14738284195
1.14987807394
1.15237508602
1.15487385216
1.1573743462
1.15987654192
1.16238041302
1.16488593316
1.16739307579
1.16990181449
1.17241212259
1.17492397343
1.17743734023
1.17995219616
1.1824685143
1.18498626763
1.18750542914
1.19002597166
1.19254786799
1.1950710908
1.19759561277
1.20012140642
1.20264844426
1.20517669869
1.20770614208
1.21023674665
1.21276848463
1.21530132814
1.21783524923
1.22037021988
1.22290621201
1.22544319746
1.22798114795
1.23052003526
1.23305983098
1.23560050668
1.23814203385
1.24068438393
1.24322752824
1.24577143811
1.24831608475
1.25086143932
1.25340747291
1.25595415655
1.2585014612
1.26104935769
1.26359781697
1.26614680973
1.26869630669
1.27124627847
1.27379669568
1.27634752881
1.27889874831
1.28145032456
1.28400222794
1.28655442865
1.28910689692
1.29165960291
1.29421251669
1.29676560832
1.29931884774
1.30187220489
1.30442564954
1.3069791516
1.30953268074
1.31208620667
1.314639699
1.31719312733
1.31974646114
1.3222996699
1.32485272304
1.3274055899
1.3299582398
1.33251064195
1.33506276561
1.33761457984
1.34016605381
1.34271715651
1.34526785699
1.34781812411
1.35036792684
1.35291723399
1.35546601437
1.35801423673
1.36056186977
1.36310888216
1.36565524245
1.36820091928
1.37074588112
1.37329009649
1.37583353377
1.37837616141
1.38091794765
1.38345886091
1.38599886937
1.38853794129
1.39107604482
1.39361314813
1.3961492193
1.39868422633
1.40121813735
1.40375092028
1.40628254307
1.40881297362
1.41134217984
1.41387012951
1.41639679047
1.41892213045
1.42144611723
1.42396871845
1.4264899018
1.42900963492
1.4315278854
1.43404462082
1.4365598087
1.4390734166
1.44158541187
1.44409576211
1.44660443466
1.44911139693
1.45161661628
1.45412006009
1.4566216956
1.45912149014
1.46161941098
1.46411542536
1.46660950049
1.46910160356
1.47159170175
1.47407976214
1.47656575199
1.47904963832
1.48153138824
1.4840109688
1.4864883471
1.48896349012
1.49143636489
1.49390693841
1.49637517769
1.49884104966
1.50130452126
1.50376555947
1.50622413119
1.50868020336
1.51113374285
1.51358471659
1.51603309136
1.51847883414
1.52092191173
1.523362291
1.52579993877
1.52823482191
1.53066690722
1.53309616147
1.53552255157
1.53794604429
1.54036660643
1.54278420478
1.54519880618
1.54761037734
1.55001888517
1.55242429638
1.55482657781
1.55722569624
1.55962161846
1.56201431128
1.56440374147
1.56678987587
1.56917268126
1.5715521245
1.57392817229
1.57630079158
1.57866994914
1.58103561184
1.58339774647
1.58575631996
1.58811129908
1.59046265077
1.5928103419
1.59515433936
1.59749461007
1.59983112094
1.60216383892
1.60449273087
1.60681776389
1.60913890489
1.61145612087
1.61376937884
1.61607864586
1.61838388895
1.62068507517
1.62298217162
1.62527514545
1.62756396374
1.62984859362
1.63212900234
1.63440515704
1.636677025
1.63894457341
1.64120776962
1.6434665808
1.64572097442
1.64797091777
1.65021637824
1.65245732325
1.65469372026
1.65692553672
1.6591527401
1.66137529803
1.66359317803
1.66580634772
1.66801477473
1.67021842676
1.67241727143
1.67461127663
1.67680041005
1.67898463955
1.68116393297
1.68333825825
1.68550758331
1.6876718761
1.68983110469
1.69198523714
1.69413424158
1.69627808607
1.69841673892
1.70055016832
1.7026783426
1.70480123005
1.70691879912
1.70903101815
1.71113785571
1.71323928029
1.71533526048
1.71742576493
1.71951076232
1.7215902214
1.72366411088
1.72573239973
1.72779505679
1.72985205104
1.73190335146
1.73394892718
1.73598874724
1.7380227809
1.74005099739
1.74207336602
1.74408985616
1.74610043723
1.74810507875
1.75010375022
1.7520964213
1.75408306166
1.75606364109
1.75803812929
1.76000649626
1.7619687119
1.76392474623
1.76587456933
1.76781815139
1.76975546259
1.77168647321
1.77361115367
1.77552947439
1.7774414059
1.77934691874
1.78124598364
1.78313857122
1.78502465244
1.78690419808
1.78877717917
1.79064356672
1.79250333188
1.79435644581
1.7962028798
1.79804260527
1.79987559362
1.80170181641
1.8035212452
1.80533385175
1.80713960779
1.8089384852
1.81073045592
1.81251549204
1.81429356558
1.81606464885
1.8178287141
1.81958573375
1.82133568026
1.82307852622
1.8248142443
1.82654280716
1.82826418779
1.82997835904
1.831685294
1.83338496573
1.83507734755
1.83676241266
1.83844013458
1.84011048678
1.8417734429
1.84342897664
1.84507706182
1.84671767235
1.84835078217
1.84997636554
1.85159439658
1.85320484964
1.85480769913
1.8564029196
1.85799048567
1.85957037206
1.86114255362
1.86270700535
1.86426370225
1.86581261948
1.86735373236
1.86888701625
1.87041244667
1.87192999919
1.87343964958
1.87494137353
1.87643514717
1.87792094643
1.87939874752
1.88086852671
1.88233026042
1.88378392512
1.88522949743
1.88666695416
1.88809627213
1.88951742834
1.89093039986
1.89233516397
1.89373169791
1.89511997922
1.89649998543
1.89787169431
1.89923508355
1.90059013123
1.90193681535
1.90327511413
1.90460500587
1.90592646903
1.90723948219
1.90854402394
1.90984007324
1.91112760896
1.91240661022
1.91367705617
1.91493892621
1.91619219969
1.91743685633
1.91867287578
1.91990023792
1.92111892272
1.92232891032
1.92353018096
1.92472271495
1.92590649294
1.92708149551
1.92824770346
1.92940509768
1.93055365929
1.93169336943
1.93282420944
1.93394616078
1.93505920511
1.9361633241
1.93725849965
1.93834471382
1.93942194872
1.94049018671
1.94154941019
1.94259960179
1.9436407441
1.94467282017
1.94569581289
1.94670970547
1.94771448116
1.94871012347
1.94969661589
1.9506739422
1.95164208628
1.95260103214
1.95355076396
1.95449126603
1.95542252285
1.9563445189
1.95725723912
1.9581606683
1.95905479152
1.95993959396
1.96081506102
1.96168117816
1.96253793101
1.9633853054
1.9642232873
1.96505186279
1.96587101806
1.96668073963
1.96748101399
1.9682718279
1.96905316817
1.96982502189
1.97058737611
1.97134021828
1.97208353583
1.9728173164
1.97354154779
1.97425621795
1.97496131498
1.97565682707
1.97634274276
1.97701905055
1.9776857392
1.97834279756
1.97899021474
1.97962797981
1.9802560823
1.98087451162
1.98148325751
1.98208230978
1.98267165844
1.98325129365
1.98382120569
1.98438138509
1.98493182247
1.98547250867
1.98600343452
1.9865245913
1.98703597021
1.98753756274
1.98802936045
1.98851135518
1.98898353878
1.9894459034
1.98989844129
1.99034114487
1.99077400675
1.99119701965
1.99161017652
1.99201347032
1.99240689447
1.99279044226
1.99316410731
1.99352788331
1.99388176424
1.9942257441
1.99455981712
1.9948839777
1.99519822046
1.99550254008
1.99579693141
1.99608138959
1.9963559098
1.99662048748
1.99687511813
1.99711979755
1.9973545215
1.99757928618
1.99779408775
1.99799892262
1.99819378733
1.99837867865
1.99855359344
1.99871852872
1.9988734818
1.99901845004
1.99915343103
1.99927842246
1.99939342229
1.99949842845
1.99959343936
1.99967845331
1.99975346891
1.99981848488
1.99987350016
1.99991851381
1.99995352502
1.99997853327
1.99999353813
1.99999853935
