2.0
1.99999508953
1.99998017565
1.99995525842
1.99992033806
1.99987541493
1.99982048948
1.99975556231
1.9996806341
1.99959570562
1.99950077779
1.99939585158
1.99928092812
1.99915600861
1.99902109436
1.99887618678
1.99872128741
1.99855639785
1.99838151984
1.99819665522
1.99800180591
1.99779697397
1.99758216153
1.99735737083
1.99712260424
1.99687786421
1.99662315329
1.99635847415
1.99608382955
1.99579922237
1.99550465556
1.99520013222
1.99488565551
1.99456122873
1.99422685525
1.99388253856
1.99352828226
1.99316409004
1.9927899657
1.99240591313
1.99201193634
1.99160803943
1.99119422662
1.99077050221
1.99033687061
1.98989333635
1.98943990403
1.98897657839
1.98850336423
1.98802026649
1.98752729019
1.98702444046
1.98651172253
1.98598914173
1.98545670349
1.98491441334
1.98436227693
1.98380029999
1.98322848836
1.98264684798
1.98205538488
1.98145410522
1.98084301522
1.98022212125
1.97959142972
1.9789509472
1.97830068033
1.97764063585
1.9769708206
1.97629124153
1.97560190569
1.97490282021
1.97419399234
1.97347542943
1.97274713891
1.97200912833
1.97126140533
1.97050397765
1.96973685313
1.96896003971
1.96817354541
1.96737737838
1.96657154684
1.96575605913
1.96493092368
1.96409614901
1.96325174375
1.96239771662
1.96153407643
1.96066083211
1.95977799267
1.95888556721
1.95798356495
1.95707199518
1.95615086731
1.95522019083
1.95427997535
1.95333023053
1.95237096618
1.95140219216
1.95042391845
1.94943615513
1.94843891236
1.9474322004
1.9464160296
1.94539041041
1.94435535339
1.94331086916
1.94225696846
1.94119366211
1.94012096104
1.93903887625
1.93794741886
1.93684660006
1.93573643114
1.9346169235
1.9334880886
1.93234993802
1.93120248342
1.93004573655
1.92887970926
1.92770441348
1.92651986125
1.92532606468
1.92412303598
1.92291078745
1.92168933149
1.92045868057
1.91921884727
1.91796984424
1.91671168425
1.91544438012
1.91416794479
1.91288239127
1.91158773268
1.91028398221
1.90897115313
1.90764925883
1.90631831276
1.90497832847
1.9036293196
1.90227129986
1.90090428306
1.8995282831
1.89814331397
1.89674938971
1.8953465245
1.89393473257
1.89251402824
1.89108442593
1.88964594013
1.88819858541
1.88674237645
1.88527732798
1.88380345485
1.88232077197
1.88082929433
1.87932903703
1.87782001522
1.87630224415
1.87477573916
1.87324051566
1.87169658914
1.87014397518
1.86858268944
1.86701274765
1.86543416564
1.8638469593
1.86225114462
1.86064673767
1.85903375457
1.85741221155
1.85578212491
1.85414351104
1.85249638637
1.85084076747
1.84917667092
1.84750411344
1.84582311179
1.84413368281
1.84243584343
1.84072961066
1.83901500156
1.8372920333
1.8355607231
1.83382108827
1.83207314619
1.83031691432
1.82855241018
1.82677965138
1.82499865561
1.82320944061
1.82141202421
1.81960642431
1.81779265889
1.815970746
1.81414070375
1.81230255033
1.81045630401
1.80860198312
1.80673960606
1.80486919132
1.80299075744
1.80110432305
1.79920990682
1.79730752751
1.79539720396
1.79347895506
1.79155279978
1.78961875714
1.78767684626
1.7857270863
1.7837694965
1.78180409616
1.77983090467
1.77784994145
1.77586122601
1.77386477792
1.77186061683
1.76984876243
1.76782923449
1.76580205285
1.7637672374
1.7617248081
1.75967478498
1.75761718812
1.75555203769
1.75347935389
1.751399157
1.74931146736
1.74721630537
1.7451136915
1.74300364628
1.74088619028
1.73876134415
1.7366291286
1.7344895644
1.73234267237
1.7301884734
1.72802698844
1.72585823848
1.72368224458
1.72149902788
1.71930860954
1.71711101081
1.71490625296
1.71269435736
1.7104753454
1.70824923855
1.70601605832
1.70377582629
1.70152856408
1.69927429337
1.6970130359
1.69474481347
1.69246964791
1.69018756112
1.68789857505
1.68560271171
1.68329999315
1.68099044148
1.67867407885
1.67635092748
1.67402100963
1.67168434761
1.66934096377
1.66699088055
1.66463412039
1.6622707058
1.65990065936
1.65752400365
1.65514076135
1.65275095516
1.65035460783
1.64795174216
1.64554238099
1.64312654722
1.64070426379
1.63827555368
1.63584043992
1.63339894559
1.63095109381
1.62849690775
1.6260364106
1.62356962564
1.62109657614
1.61861728546
1.61613177697
1.6136400741
1.61114220031
1.60863817911
1.60612803406
1.60361178874
1.60108946678
1.59856109186
1.59602668768
1.593486278
1.59093988661
1.58838753734
1.58582925405
1.58326506065
1.58069498109
1.57811903934
1.57553725943
1.5729496654
1.57035628136
1.56775713143
1.56515223977
1.56254163058
1.5599253281
1.55730335659
1.55467574037
1.55204250375
1.54940367113
1.5467592669
1.54410931549
1.54145384139
1.53879286908
1.53612642311
1.53345452804
1.53077720847
1.52809448903
1.52540639437
1.52271294918
1.52001417818
1.51731010613
1.51460075779
1.51188615797
1.50916633151
1.50644130327
1.50371109814
1.50097574104
1.49823525691
1.49548967073
1.49273900748
1.48998329221
1.48722254994
1.48445680577
1.4816860848
1.47891041213
1.47612981293
1.47334431237
1.47055393564
1.46775870797
1.46495865459
1.46215380077
1.45934417181
1.456529793
1.45371068968
1.45088688721
1.44805841095
1.4452252863
1.44238753867
1.4395451935
1.43669827624
1.43384681236
1.43099082735
1.42813034673
1.42526539602
1.42239600077
1.41952218653
1.4166439789
1.41376140346
1.41087448583
1.40798325165
1.40508772654
1.40218793619
1.39928390626
1.39637566244
1.39346323044
1.39054663598
1.38762590478
1.38470106261
1.38177213521
1.37883914837
1.37590212785
1.37296109947
1.37001608903
1.36706712234
1.36411422525
1.3611574236
1.35819674322
1.35523221
1.3522638498
1.3492916885
1.34631575199
1.34333606618
1.34035265697
1.33736555028
1.33437477203
1.33138034816
1.3283823046
1.32538066731
1.32237546222
1.31936671531
1.31635445253
1.31333869986
1.31031948328
1.30729682875
1.30427076227
1.30124130983
1.29820849742
1.29517235104
1.29213289669
1.28909016037
1.28604416808
1.28299494585
1.27994251967
1.27688691556
1.27382815953
1.2707662776
1.26770129579
1.26463324011
1.26156213658
1.25848801121
1.25541089002
1.25233079904
1.24924776426
1.24616181171
1.2430729674
1.23998125733
1.23688670752
1.23378934396
1.23068919267
1.22758627964
1.22448063087
1.22137227235
1.21826123006
1.21514753
1.21203119813
1.20891226044
1.20579074289
1.20266667145
1.19954007207
1.19641097071
1.1932793933
1.1901453658
1.18700891413
1.18387006421
1.18072884197
1.1775852733
1.17443938412
1.17129120031
1.16814074776
1.16498805234
1.16183313992
1.15867603635
1.15551676748
1.15235535915
1.14919183718
1.14602622738
1.14285855557
1.13968884752
1.13651712903
1.13334342587
1.13016776378
1.12699016851
1.12381066581
1.12062928138
1.11744604094
1.11426097017
1.11107409475
1.10788544036
1.10469503264
1.10150289722
1.09830905974
1.09511354579
1.09191638097
1.08871759085
1.08551720099
1.08231523694
1.07911172423
1.07590668836
1.07270015483
1.06949214912
1.06628269668
1.06307182296
1.05985955338
1.05664591335
1.05343092825
1.05021462346
1.04699702432
1.04377815616
1.0405580443
1.03733671403
1.03411419061
1.0308904993
1.02766566534
1.02443971392
1.02121267025
1.01798455948
1.01475540677
1.01152523725
1.00829407601
1.00506194813
1.00182887868
0.998594892699
0.99536001519
0.992124271148
0.98888768554
0.985650283312
0.982412089381
0.979173128646
0.975933425978
0.972693006225
0.969451894209
0.966210114729
0.962967692558
0.959724652443
0.956481019106
0.953236817244
0.949992071528
0.9467468066
0.943501047079
0.940254817556
0.937008142594
0.933761046731
0.930513554477
0.927265690313
0.924017478695
0.920768944048
0.91752011077
0.914271003233
0.911021645776
0.907772062713
0.904522278327
0.901272316873
0.898022202575
0.894771959628
0.891521612199
0.888271184423
0.885020700405
0.881770184219
0.878519659911
0.875269151493
0.872018682947
0.868768278226
0.865517961248
0.862267755902
0.859017686044
0.855767775499
0.852518048059
0.849268527483
0.846019237499
0.842770201801
0.839521444052
0.836272987879
0.833024856877
0.829777074609
0.826529664602
0.823282650351
0.820036055315
0.816789902921
0.813544216561
0.81029901959
0.807054335332
0.803810187074
0.800566598068
0.797323591531
0.794081190645
0.790839418555
0.787598298372
0.784357853169
0.781118105986
0.777879079824
0.774640797648
0.771403282388
0.768166556934
0.764930644143
0.761695566831
0.758461347781
0.755228009734
0.751995575398
0.748764067439
0.745533508488
0.742303921137
0.73907532794
0.735847751412
0.73262121403
0.729395738233
0.726171346419
0.72294806095
0.719725904147
0.716504898291
0.713285065627
0.710066428356
0.706849008642
0.70363282861
0.700417910342
0.697204275882
0.693991947234
0.69078094636
0.687571295183
0.684363015584
0.681156129405
0.677950658444
0.674746624461
0.671544049173
0.668342954257
0.665143361347
0.661945292037
0.658748767877
0.655553810377
0.652360441005
0.649168681186
0.645978552303
0.642790075696
0.639603272665
0.636418164464
0.633234772306
0.630053117362
0.626873220758
0.623695103578
0.620518786862
0.617344291608
0.61417163877
0.611000849257
0.607831943937
0.604664943632
0.60149986912
0.598336741137
0.595175580373
0.592016407475
0.588859243044
0.585704107638
0.582551021769
0.579400005907
0.576251080474
0.573104265849
0.569959582366
0.566817050313
0.563676689934
0.560538521425
0.55740256494
0.554268840586
0.551137368425
0.548008168471
0.544881260695
0.541756665022
0.538634401328
0.535514489446
0.532396949162
0.529281800216
0.5261690623
0.523058755061
0.5199508981
0.51684551097
0.513742613178
0.510642224184
0.507544363401
0.504449050195
0.501356303886
0.498266143746
0.495178588999
0.492093658822
0.489011372347
0.485931748655
0.482854806782
0.479780565715
0.476709044394
0.473640261711
0.470574236509
0.467510987586
0.464450533689
0.461392893519
0.458338085727
0.455286128917
0.452237041645
0.449190842418
0.446147549693
0.443107181882
0.440069757346
0.437035294398
0.434003811302
0.430975326273
0.427949857478
0.424927423034
0.421908041011
0.418891729427
0.415878506254
0.412868389413
0.409861396775
0.406857546165
0.403856855354
0.400859342068
0.397865023982
0.394873918719
0.391886043856
0.388901416919
0.385920055384
0.382941976678
0.379967198176
0.376995737207
0.374027611047
0.371062836923
0.368101432012
0.365143413441
0.362188798286
0.359237603575
0.356289846285
0.35334554334
0.350404711617
0.347467367942
0.34453352909
0.341603211786
0.338676432703
0.335753208466
0.332833555647
0.329917490769
0.327005030305
0.324096190674
0.321190988248
0.318289439346
0.315391560237
0.312497367139
0.309606876219
0.306720103592
0.303837065325
0.30095777743
0.298082255872
0.295210516561
0.29234257536
0.289478448076
0.28661815047
0.283761698247
0.280909107064
0.278060392526
0.275215570186
0.272374655545
0.269537664054
0.266704611113
0.263875512068
0.261050382217
0.258229236803
0.25541209102
0.252598960009
0.249789858861
0.246984802612
0.244183806251
0.241386884711
0.238594052877
0.235805325579
0.233020717597
0.23024024366
0.227463918442
0.224691756569
0.221923772613
0.219159981094
0.216400396481
0.213645033191
0.210893905588
0.208147027984
0.205404414642
0.202666079769
0.199932037523
0.197202302007
0.194476887275
0.191755807326
0.18903907611
0.186326707523
0.183618715407
0.180915113557
0.17821591571
0.175521135555
0.172830786727
0.17014488281
0.167463437333
0.164786463776
0.162113975564
0.159445986072
0.156782508622
0.154123556482
0.15146914287
0.148819280951
0.146173983837
0.143533264587
0.140897136209
0.138265611659
0.135638703839
0.133016425599
0.130398789738
0.127785809
0.125177496079
0.122573863615
0.119974924196
0.117380690358
0.114791174584
0.112206389303
0.109626346895
0.107051059685
0.104480539945
0.101914799895
0.099353851705
0.0967977074887
0.094246379309
0.0916998791762
0.0891582190477
0.0866214108285
0.084089466371
0.0815623974749
0.0790402158872
0.0765229333026
0.0740105613629
0.0715031116574
0.0690005957226
0.0665030250426
0.0640104110486
0.0615227651194
0.0590400985809
0.0565624227065
0.054089748717
0.0516220877802
0.0491594510115
0.0467018494737
0.0442492941766
0.0418017960774
0.0393593660809
0.0369220150389
0.0344897537505
0.0320625929623
0.0296405433679
0.0272236156085
0.0248118202724
0.0224051678951
0.0200036689597
0.0176073338963
0.0152161730823
0.0128301968425
0.0104494154487
0.00807383912037
0.00570347802391
0.00333834227311
0.000978441929006
-0.00137621300012
-0.00372561255873
-0.00606974684402
-0.00840860600597
-0.0107421802473
-0.0130704598234
-0.0153934350426
-0.0177110962658
-0.0200234339068
-0.022330438432
-0.0246321003608
-0.0269284102651
-0.0292193587698
-0.0315049365525
-0.0337851343433
-0.0360599429255
-0.038329353135
-0.0405933558603
-0.0428519420429
-0.045105102677
-0.0473528288096
-0.0495951115404
-0.051831942022
-0.0540633114597
-0.0562892111115
-0.0585096322885
-0.0607245663542
-0.0629340047251
-0.0651379388704
-0.0673363603123
-0.0695292606255
-0.0717166314377
-0.0738984644293
-0.0760747513335
-0.0782454839363
-0.0804106540765
-0.0825702536458
-0.0847242745885
-0.086872708902
-0.0890155486362
-0.091152785894
-0.0932844128309
-0.0954104216556
-0.0975308046292
-0.0996455540659
-0.101754662332
-0.103858121849
-0.105955925087
-0.108048064573
-0.110134532885
-0.112215322654
-0.114290426564
-0.11635983735
-0.118423547804
-0.120481550767
-0.122533839135
-0.124580405855
-0.126621243928
-0.128656346409
-0.130685706404
-0.132709317072
-0.134727171625
-0.136739263329
-0.138745585502
-0.140746131515
-0.142740894791
-0.144729868807
-0.146713047093
-0.148690423231
-0.150661990857
-0.152627743658
-0.154587675376
-0.156541779805
-0.158490050792
-0.160432482236
-0.16236906809
-0.16429980236
-0.166224679104
-0.168143692435
-0.170056836515
-0.171964105564
-0.17386549385
-0.175760995698
-0.177650605482
-0.179534317634
-0.181412126634
-0.183284027018
-0.185150013374
-0.187010080343
-0.188864222618
-0.190712434948
-0.192554712132
-0.194391049022
-0.196221440526
-0.198045881601
-0.199864367261
-0.20167689257
-0.203483452647
-0.205284042662
-0.207078657839
-0.208867293457
-0.210649944846
-0.212426607389
-0.214197276521
-0.215961947735
-0.21772061657
-0.219473278625
-0.221219929547
-0.222960565039
-0.224695180855
-0.226423772805
-0.228146336749
-0.229862868602
-0.231573364333
-0.233277819961
-0.234976231561
-0.236668595261
-0.238354907241
-0.240035163734
-0.241709361028
-0.243377495463
-0.245039563431
-0.246695561381
-0.248345485812
-0.249989333276
-0.251627100381
-0.253258783786
-0.254884380205
-0.256503886402
-0.258117299199
-0.259724615469
-0.261325832137
-0.262920946183
-0.26450995464
-0.266092854595
-0.267669643187
-0.26924031761
-0.27080487511
-0.272363312987
-0.273915628595
-0.27546181934
-0.277001882683
-0.278535816137
-0.28006361727
-0.281585283702
-0.283100813108
-0.284610203215
-0.286113451805
-0.287610556712
-0.289101515824
-0.290586327084
-0.292064988486
-0.29353749808
-0.295003853968
-0.296464054307
-0.297918097305
-0.299365981228
-0.30080770439
-0.302243265164
-0.303672661974
-0.305095893297
-0.306512957665
-0.307923853664
-0.309328579932
-0.310727135163
-0.312119518103
-0.313505727553
-0.314885762365
-0.316259621449
-0.317627303765
-0.31898880833
-0.320344134212
-0.321693280534
-0.323036246473
-0.32437303126
-0.32570363418
-0.32702805457
-0.328346291824
-0.329658345387
-0.330964214759
-0.332263899494
-0.333557399201
-0.334844713541
-0.33612584223
-0.337400785038
-0.338669541788
-0.339932112358
-0.341188496681
-0.342438694741
-0.343682706579
-0.344920532288
-0.346152172017
-0.347377625966
-0.348596894393
-0.349809977607
-0.351016875972
-0.352217589907
-0.353412119884
-0.354600466429
-0.355782630123
-0.356958611601
-0.358128411551
-0.359292030718
-0.360449469897
-0.361600729941
-0.362745811754
-0.363884716298
-0.365017444585
-0.366143997685
-0.367264376719
-0.368378582864
-0.369486617351
-0.370588481466
-0.371684176548
-0.37277370399
-0.373857065241
-0.374934261803
-0.376005295233
-0.377070167141
-0.378128879192
-0.379181433107
-0.380227830658
-0.381268073675
-0.382302164039
-0.383330103688
-0.384351894612
-0.385367538857
-0.386377038524
-0.387380395765
-0.388377612791
-0.389368691863
-0.3903536353
-0.391332445472
-0.392305124806
-0.393271675782
-0.394232100936
-0.395186402856
-0.396134584186
-0.397076647625
-0.398012595923
-0.398942431889
-0.399866158384
-0.400783778322
-0.401695294674
-0.402600710464
-0.403500028772
-0.404393252729
-0.405280385524
-0.406161430399
-0.407036390649
-0.407905269626
-0.408768070734
-0.409624797433
-0.410475453236
-0.411320041712
-0.412158566483
-0.412991031227
-0.413817439673
-0.414637795607
-0.415452102871
-0.416260365356
-0.417062587013
-0.417858771844
-0.418648923905
-0.419433047309
-0.42021114622
-0.42098322486
-0.421749287501
-0.422509338472
-0.423263382157
-0.424011422991
-0.424753465466
-0.425489514128
-0.426219573575
-0.426943648461
-0.427661743493
-0.428373863435
-0.429080013102
-0.429780197363
-0.430474421143
-0.43116268942
-0.431845007227
-0.43252137965
-0.433191811828
-0.433856308957
-0.434514876284
-0.435167519112
-0.435814242797
-0.436455052748
-0.43708995443
-0.43771895336
-0.43834205511
-0.438959265304
-0.439570589623
-0.440176033798
-0.440775603616
-0.441369304917
-0.441957143595
-0.442539125597
-0.443115256925
-0.443685543632
-0.444249991827
-0.444808607672
-0.44536139738
-0.445908367221
-0.446449523516
-0.44698487264
-0.447514421022
-0.448038175143
-0.448556141538
-0.449068326796
-0.449574737556
-0.450075380513
-0.450570262415
-0.451059390062
-0.451542770308
-0.452020410057
-0.45249231627
-0.452958495958
-0.453418956185
-0.45387370407
-0.454322746782
-0.454766091544
-0.455203745631
-0.45563571637
-0.456062011143
-0.456482637381
-0.456897602569
-0.457306914245
-0.457710579999
-0.458108607471
-0.458501004356
-0.4588877784
-0.4592689374
-0.459644489207
-0.460014441721
-0.460378802896
-0.460737580738
-0.461090783304
-0.461438418701
-0.46178049509
-0.462117020683
-0.462448003742
-0.462773452581
-0.463093375566
-0.463407781114
-0.463716677692
-0.46402007382
-0.464317978066
-0.464610399051
-0.464897345447
-0.465178825976
-0.465454849411
-0.465725424574
-0.46599056034
-0.466250265633
-0.466504549426
-0.466753420745
-0.466996888665
-0.467234962309
-0.467467650853
-0.467694963521
-0.467916909587
-0.468133498376
-0.46834473926
-0.468550641663
-0.468751215056
-0.468946468962
-0.469136412951
-0.469321056643
-0.469500409707
-0.469674481859
-0.469843282867
-0.470006822545
-0.470165110757
-0.470318157414
-0.470465972478
-0.470608565956
-0.470745947904
-0.470878128428
-0.47100511768
-0.471126925859
-0.471243563214
-0.47135504004
-0.471461366679
-0.471562553521
-0.471658611003
-0.47174954961
-0.471835379872
-0.471916112366
-0.471991757718
-0.472062326598
-0.472127829723
-0.472188277857
-0.472243681809
-0.472294052434
-0.472339400635
-0.472379737358
-0.472415073597
-0.472445420388
-0.472470788815
-0.472491190008
-0.472506635138
-0.472517135426
-0.472522702133
-0.472523346567
-0.472519080081
-0.472509914071
-0.472495859976
-0.472476929282
-0.472453133516
-0.472424484251
-0.4723909931
-0.472352671724
-0.472309531824
-0.472261585143
-0.472208843471
-0.472151318637
-0.472089022514
-0.472021967017
-0.471950164103
-0.471873625772
-0.471792364064
-0.471706391062
-0.471615718891
-0.471520359716
-0.471420325744
-0.471315629222
-0.471206282438
-0.471092297722
-0.470973687443
-0.470850464011
-0.470722639875
-0.470590227524
-0.470453239489
-0.470311688336
-0.470165586676
-0.470014947153
-0.469859782455
-0.469700105306
-0.469535928469
-0.469367264745
-0.469194126975
-0.469016528035
-0.46883448084
-0.468647998344
-0.468457093537
-0.468261779444
-0.468062069132
-0.467857975699
-0.467649512283
-0.467436692058
-0.467219528232
-0.466998034052
-0.466772222798
-0.466542107786
-0.466307702368
-0.46606901993
-0.465826073894
-0.465578877714
-0.465327444882
-0.46507178892
-0.464811923388
-0.464547861876
-0.46427961801
-0.464007205447
-0.463730637878
-0.463449929028
-0.463165092652
-0.462876142539
-0.462583092509
-0.462285956414
-0.461984748138
-0.461679481595
-0.461370170733
-0.461056829526
-0.460739471984
-0.460418112142
-0.46009276407
-0.459763441864
-0.459430159651
-0.459092931587
-0.458751771859
-0.458406694679
-0.458057714292
-0.457704844967
-0.457348101003
-0.456987496728
-0.456623046496
-0.456254764687
-0.455882665712
-0.455506764005
-0.455127074027
-0.454743610267
-0.454356387238
-0.453965419481
-0.453570721559
-0.453172308064
-0.452770193609
-0.452364392835
-0.451954920405
-0.451541791007
-0.451125019353
-0.450704620177
-0.450280608239
-0.449852998319
-0.449421805221
-0.448987043772
-0.44854872882
-0.448106875235
-0.447661497909
-0.447212611754
-0.446760231705
-0.446304372716
-0.445845049762
-0.445382277838
-0.44491607196
-0.44444644716
-0.443973418493
-0.443497001032
-0.443017209867
-0.442534060108
-0.442047566882
-0.441557745334
-0.441064610629
-0.440568177944
-0.440068462477
-0.439565479441
-0.439059244065
-0.438549771596
-0.438037077294
-0.437521176435
-0.437002084312
-0.436479816229
-0.435954387509
-0.435425813486
-0.434894109507
-0.434359290937
-0.433821373149
-0.433280371532
-0.432736301487
-0.432189178426
-0.431639017776
-0.431085834973
-0.430529645464
-0.429970464709
-0.429408308177
-0.428843191349
-0.428275129715
-0.427704138775
-0.427130234038
-0.426553431024
-0.425973745259
-0.425391192279
-0.424805787629
-0.424217546861
-0.423626485534
-0.423032619214
-0.422435963476
-0.421836533899
-0.421234346071
-0.420629415584
-0.420021758035
-0.419411389028
-0.418798324172
-0.418182579079
-0.417564169368
-0.416943110658
-0.416319418575
-0.415693108748
-0.415064196808
-0.414432698389
-0.413798629128
-0.413162004663
-0.412522840635
-0.411881152684
-0.411236956455
-0.41059026759
-0.409941101734
-0.409289474531
-0.408635401624
-0.407978898657
-0.407319981273
-0.406658665112
-0.405994965815
-0.405328899019
-0.404660480359
-0.40398972547
-0.403316649982
-0.402641269521
-0.401963599712
-0.401283656174
-0.400601454523
-0.399917010371
-0.399230339324
-0.398541456983
-0.397850378944
-0.397157120798
-0.396461698128
-0.395764126512
-0.395064421522
-0.394362598721
-0.393658673665
-0.392952661903
-0.392244578976
-0.391534440417
-0.390822261748
-0.390108058484
-0.389391846131
-0.388673640185
-0.38795345613
-0.387231309442
-0.386507215587
-0.385781190017
-0.385053248175
-0.384323405492
-0.383591677387
-0.382858079267
-0.382122626526
-0.381385334545
-0.380646218693
-0.379905294324
-0.379162576778
-0.378418081234
-0.377671823295
-0.376923818122
-0.376174080992
-0.375422627172
-0.374669471912
-0.37391463045
-0.373158118003
-0.372399949774
-0.371640140948
-0.370878706693
-0.370115662161
-0.369351022484
-0.368584802775
-0.367817018132
-0.367047683632
-0.366276814333
-0.365504425273
-0.364730531472
-0.363955147929
-0.363178289623
-0.362399971511
-0.361620208532
-0.360839015601
-0.360056407613
-0.35927239944
-0.358487005934
-0.357700241923
-0.356912122213
-0.356122661586
-0.355331874801
-0.354539776596
-0.353746381681
-0.352951704746
-0.352155760453
-0.351358563442
-0.350560128326
-0.349760469694
-0.34895960211
-0.348157540111
-0.347354298207
-0.346549890885
-0.345744332603
-0.34493763779
-0.344129820853
-0.343320896168
-0.342510878083
-0.341699780919
-0.34088761897
-0.340074406499
-0.339260157742
-0.338444886905
-0.337628608165
-0.33681133567
-0.335993083537
-0.335173865853
-0.334353696675
-0.33353259003
-0.332710559914
-0.331887620291
-0.331063785093
-0.330239068223
-0.329413483549
-0.32858704491
-0.32775976611
-0.326931660922
-0.326102743086
-0.325273026307
-0.32444252426
-0.323611250583
-0.322779218883
-0.321946442731
-0.321112935665
-0.320278711188
-0.319443782769
-0.31860816384
-0.3177718678
-0.316934908012
-0.316097297802
-0.315259050463
-0.31442017925
-0.313580697382
-0.31274061804
-0.311899954372
-0.311058719486
-0.310216926454
-0.309374588311
-0.308531718053
-0.30768832864
-0.306844432994
-0.306000043998
-0.305155174496
-0.304309837295
-0.303464045163
-0.302617810828
-0.301771146981
-0.300924066272
-0.300076581311
-0.299228704671
-0.298380448883
-0.297531826438
-0.296682849788
-0.295833531343
-0.294983883474
-0.294133918511
-0.293283648743
-0.292433086418
-0.291582243742
-0.29073113288
-0.289879765957
-0.289028155054
-0.288176312211
-0.287324249427
-0.286471978658
-0.285619511817
-0.284766860777
-0.283914037364
-0.283061053366
-0.282207920526
-0.281354650543
-0.280501255075
-0.279647745734
-0.278794134092
-0.277940431674
-0.277086649964
-0.276232800401
-0.275378894379
-0.27452494325
-0.273670958321
-0.272816950853
-0.271962932066
-0.271108913133
-0.270254905182
-0.269400919299
-0.268546966521
-0.267693057844
-0.266839204216
-0.265985416542
-0.26513170568
-0.264278082444
-0.263424557602
-0.262571141876
-0.261717845942
-0.260864680432
-0.260011655931
-0.259158782978
-0.258306072067
-0.257453533643
-0.256601178109
-0.255749015819
-0.254897057082
-0.25404531216
-0.253193791268
-0.252342504576
-0.251491462206
-0.250640674235
-0.249790150691
-0.248939901558
-0.24808993677
-0.247240266218
-0.246390899743
-0.24554184714
-0.244693118158
-0.243844722497
-0.242996669812
-0.242148969709
-0.241301631748
-0.240454665442
-0.239608080257
-0.23876188561
-0.237916090872
-0.237070705367
-0.23622573837
-0.235381199112
-0.234537096773
-0.233693440488
-0.232850239343
-0.232007502377
-0.231165238583
-0.230323456906
-0.229482166241
-0.228641375439
-0.227801093301
-0.226961328583
-0.226122089992
-0.225283386188
-0.224445225783
-0.223607617341
-0.222770569381
-0.221934090373
-0.22109818874
-0.220262872856
-0.219428151051
-0.218594031604
-0.217760522749
-0.216927632673
-0.216095369513
-0.215263741363
-0.214432756265
-0.213602422218
-0.212772747172
-0.21194373903
-0.211115405647
-0.210287754833
-0.209460794349
-0.208634531911
-0.207808975187
-0.206984131799
-0.20616000932
-0.205336615279
-0.204513957157
-0.203692042388
-0.202870878361
-0.202050472416
-0.20123083185
-0.200411963909
-0.199593875798
-0.198776574671
-0.197960067639
-0.197144361766
-0.196329464069
-0.195515381519
-0.194702121044
-0.193889689522
-0.193078093788
-0.192267340631
-0.191457436794
-0.190648388975
-0.189840203825
-0.189032887951
-0.188226447916
-0.187420890235
-0.18661622138
-0.185812447778
-0.18500957581
-0.184207611813
-0.183406562079
-0.182606432856
-0.181807230347
-0.181008960711
-0.180211630062
-0.179415244472
-0.178619809965
-0.177825332525
-0.17703181809
-0.176239272555
-0.175447701772
-0.174657111548
-0.173867507648
-0.173078895792
-0.17229128166
-0.171504670885
-0.170719069061
-0.169934481736
-0.169150914418
-0.16836837257
-0.167586861614
-0.16680638693
-0.166026953855
-0.165248567685
-0.164471233673
-0.163694957031
-0.162919742929
-0.162145596496
-0.161372522819
-0.160600526944
-0.159829613877
-0.159059788581
-0.15829105598
-0.157523420957
-0.156756888353
-0.15599146297
-0.155227149571
-0.154463952877
-0.153701877569
-0.15294092829
-0.15218110964
-0.151422426184
-0.150664882445
-0.149908482906
-0.149153232014
-0.148399134174
-0.147646193754
-0.146894415083
-0.146143802452
-0.145394360113
-0.14464609228
-0.14389900313
-0.143153096802
-0.142408377396
-0.141664848976
-0.140922515568
-0.140181381162
-0.139441449709
-0.138702725124
-0.137965211287
-0.13722891204
-0.136493831188
-0.135759972501
-0.135027339714
-0.134295936523
-0.133565766591
-0.132836833545
-0.132109140977
-0.131382692443
-0.130657491464
-0.129933541526
-0.129210846083
-0.128489408551
-0.127769232313
-0.127050320719
-0.126332677084
-0.12561630469
-0.124901206784
-0.12418738658
-0.123474847261
-0.122763591973
-0.122053623833
-0.121344945923
-0.120637561293
-0.11993147296
-0.119226683911
-0.118523197098
-0.117821015443
-0.117120141838
-0.116420579139
-0.115722330174
-0.11502539774
-0.114329784602
-0.113635493494
-0.112942527121
-0.112250888155
-0.111560579241
-0.110871602992
-0.110183961991
-0.109497658792
-0.10881269592
-0.10812907587
-0.107446801107
-0.106765874069
-0.106086297164
-0.105408072772
-0.104731203244
-0.104055690904
-0.103381538046
-0.102708746939
-0.10203731982
-0.101367258904
-0.100698566374
-0.100031244388
-0.0993652950784
-0.0987007205478
-0.0980375228743
-0.0973757041091
-0.0967152662771
-0.0960562113775
-0.0953985413833
-0.0947422582422
-0.0940873638762
-0.0934338601821
-0.0927817490316
-0.0921310322716
-0.091481711724
-0.0908337891864
-0.090187266432
-0.0895421452097
-0.0888984272445
-0.0882561142375
-0.0876152078662
-0.0869757097847
-0.0863376216237
-0.0857009449909
-0.085065681471
-0.084431832626
-0.0837993999955
-0.0831683850964
-0.0825387894237
-0.0819106144502
-0.081283861627
-0.0806585323834
-0.0800346281273
-0.0794121502453
-0.0787911001028
-0.0781714790444
-0.0775532883938
-0.0769365294541
-0.0763212035081
-0.0757073118182
-0.075094855627
-0.0744838361569
-0.0738742546107
-0.0732661121718
-0.0726594100041
-0.0720541492522
-0.0714503310419
-0.0708479564801
-0.0702470266549
-0.0696475426361
-0.0690495054749
-0.0684529162047
-0.0678577758407
-0.0672640853802
-0.066671845803
-0.0660810580713
-0.0654917231303
-0.0649038419076
-0.0643174153141
-0.063732444244
-0.0631489295745
-0.0625668721667
-0.0619862728652
-0.0614071324984
-0.060829451879
-0.0602532318034
-0.0596784730529
-0.059105176393
-0.0585333425738
-0.0579629723304
-0.0573940663829
-0.0568266254365
-0.0562606501817
-0.0556961412944
-0.0551330994364
-0.0545715252549
-0.0540114193833
-0.0534527824411
-0.052895615034
-0.052339917754
-0.0517856911799
-0.0512329358769
-0.0506816523974
-0.0501318412805
-0.0495835030528
-0.049036638228
-0.0484912473072
-0.0479473307794
-0.0474048891211
-0.0468639227968
-0.0463244322591
-0.0457864179488
-0.0452498802949
-0.0447148197152
-0.0441812366158
-0.0436491313917
-0.0431185044268
-0.0425893560943
-0.0420616867562
-0.0415354967641
-0.0410107864589
-0.0404875561713
-0.0399658062217
-0.0394455369202
-0.0389267485671
-0.0384094414529
-0.0378936158581
-0.037379272054
-0.0368664103022
-0.0363550308549
-0.0358451339553
-0.0353367198375
-0.0348297887266
-0.0343243408389
-0.033820376382
-0.0333178955549
-0.0328168985483
-0.0323173855446
-0.0318193567177
-0.0313228122337
-0.0308277522507
-0.0303341769189
-0.0298420863809
-0.0293514807715
-0.0288623602183
-0.0283747248412
-0.0278885747531
-0.0274039100597
-0.0269207308596
-0.0264390372445
-0.0259588292993
-0.0254801071023
-0.0250028707251
-0.0245271202329
-0.0240528556843
-0.023580077132
-0.0231087846222
-0.0226389781953
-0.0221706578855
-0.0217038237214
-0.0212384757256
-0.0207746139151
-0.0203122383016
-0.0198513488909
-0.0193919456838
-0.0189340286757
-0.0184775978568
-0.0180226532123
-0.0175691947223
-0.0171172223622
-0.0166667361024
-0.0162177359086
-0.0157702217422
-0.0153241935595
-0.0148796513129
-0.0144365949502
-0.0139950244148
-0.0135549396461
-0.0131163405795
-0.0126792271461
-0.0122435992731
-0.0118094568841
-0.0113767998987
-0.0109456282328
-0.0105159417987
-0.0100877405053
-0.00966102425785
-0.00923579295824
-0.00881204650509
-0.00838978479377
-0.00796900771645
-0.00754971516223
-0.00713190701715
-0.00671558316432
-0.00630074348393
-0.00588738785338
-0.0054755161473
-0.00506512823763
-0.00465622399369
-0.00424880328225
-0.00384286596758
-0.00343841191154
-0.00303544097359
-0.00263395301092
-0.00223394787845
-0.00183542542894
-0.00143838551299
-0.00104282797918
-0.000648752674042
-0.000256159442182
0.000134951873703
0.00052458143275
0.000912729395884
0.00129939592576
0.00168458118671
0.0020682853447
0.00245050856726
0.00283125102344
0.00321051288379
0.00358829432026
0.00396459550617
0.00433941661619
0.00471275782626
0.00508461931354
0.0054550012564
0.00582390383433
0.00619132722795
0.00655727161889
0.00692173718982
0.00728472412437
0.0076462326071
0.00800626282345
0.0083648149597
0.00872188920293
0.009077485741
0.00943160476248
0.00978424645663
0.0101354110134
0.0104850986232
0.0108333094773
0.0111800437671
0.011525301685
0.0118690834235
0.0122113891755
0.0125522191347
0.0128915734947
0.0132294524498
0.0135658561943
0.0139007849231
0.014234238831
0.0145662181132
0.0148967229652
0.0152257535822
0.0155533101601
0.0158793928945
0.0162040019812
0.016527137616
0.0168487999947
0.0171689893131
0.017487705767
0.017804949552
0.0181207208639
0.0184350198979
0.0187478468495
0.0190592019139
0.0193690852859
0.0196774971604
0.0199844377319
0.0202899071946
0.0205939057426
0.0208964335694
0.0211974908685
0.0214970778329
0.0217951946551
0.0220918415275
0.0223870186419
0.0226807261898
0.0229729643621
0.0232637333494
0.0235530333417
0.0238408645287
0.0241272270993
0.0244121212421
0.0246955471451
0.0249775049957
0.0252579949807
0.0255370172864
0.0258145720986
0.0260906596021
0.0263652799815
0.0266384334205
0.0269101201021
0.027180340209
0.0274490939227
0.0277163814244
0.0279822028944
0.0282465585123
0.0285094484572
0.028770872907
0.0290308320394
0.0292893260309
0.0295463550574
0.0298019192942
0.0300560189155
0.0303086540949
0.0305598250051
0.0308095318182
0.0310577747053
0.0313045538367
0.0315498693819
0.0317937215096
0.0320361103876
0.0322770361831
0.0325164990621
0.0327544991899
0.0329910367312
0.0332261118494
0.0334597247074
0.0336918754672
0.0339225642897
0.0341517913352
0.034379556763
0.0346058607318
0.034830703399
0.0350540849216
0.0352760054554
0.0354964651556
0.0357154641765
0.0359330026713
0.0361490807927
0.0363636986924
0.0365768565213
0.0367885544295
0.0369987925661
0.0372075710798
0.037414890118
0.0376207498276
0.0378251503546
0.0380280918442
0.038229574441
0.0384295982887
0.0386281635301
0.0388252703076
0.0390209187625
0.0392151090356
0.0394078412669
0.0395991155958
0.039788932161
0.0399772911004
0.0401641925514
0.0403496366506
0.0405336235342
0.0407161533376
0.0408972261956
0.0410768422427
0.0412550016125
0.0414317044383
0.0416069508528
0.0417807409882
0.0419530749763
0.0421239529483
0.0422933750352
0.0424613413674
0.042627852075
0.0427929072878
0.0429565071351
0.0431186517461
0.0432793412497
0.0434385757743
0.0435963554483
0.0437526804
0.0439075507573
0.0440609666481
0.0442129282001
0.0443634355412
0.0445124887988
0.0446600881008
0.0448062335748
0.0449509253485
0.0450941635498
0.0452359483066
0.0453762797472
0.0455151579999
0.0456525831933
0.0457885554562
0.045923074918
0.0460561417082
0.0461877559568
0.0463179177942
0.0464466273514
0.0465738847598
0.0466996901514
0.046824043659
0.0469469454157
0.0470683955558
0.0471883942138
0.0473069415256
0.0474240376274
0.0475396826567
0.0476538767518
0.047766620052
0.0478779126976
0.0479877548301
0.0480961465921
0.0482030881275
0.0483085795814
0.0484126211001
0.0485152128315
0.0486163549247
0.0487160475305
0.0488142908011
0.0489110848903
0.0490064299536
0.0491003261482
0.049192773633
0.0492837725689
0.0493733231186
0.0494614254467
0.0495480797199
0.0496332861069
0.0497170447786
0.049799355908
0.0498802196706
0.049959636244
0.0500376058082
0.0501141285458
0.0501892046419
0.050262834284
0.0503350176625
0.0504057549705
0.0504750464036
0.0505428921607
0.0506092924433
0.0506742474559
0.0507377574064
0.0507998225053
0.0508604429669
0.0509196190082
0.05097735085
0.0510336387163
0.0510884828345
0.0511418834357
0.0511938407547
0.0512443550298
0.0512934265031
0.0513410554208
0.0513872420326
0.0514319865926
0.0514752893586
0.0515171505928
0.0515575705614
0.0515965495351
0.0516340877887
0.0516701856017
0.0517048432577
0.0517380610452
0.0517698392572
0.0518001781914
0.0518290781504
0.0518565394416
0.0518825623773
0.0519071472748
0.0519302944565
0.0519520042501
0.0519722769882
0.051991113009
0.0520085126558
0.0520244762776
0.0520390042286
0.0520520968689
0.0520637545641
0.0520739776853
0.0520827666098
0.0520901217205
0.0520960434062
0.0521005320618
0.0521035880883
0.0521052118927
0.0521054038882
0.0521041644944
0.0521014941371
0.0520973932486
0.0520918622675
0.0520849016391
0.0520765118153
0.0520666932544
0.0520554464218
0.0520427717893
0.0520286698358
0.0520131410469
0.0519961859155
0.0519778049411
0.0519579986306
0.0519367674978
0.051914112064
0.0518900328573
0.0518645304135
0.0518376052754
0.0518092579936
0.0517794891258
0.0517482992377
0.0517156889022
0.0516816587
0.0516462092195
0.0516093410568
0.0515710548157
0.0515313511079
0.051490230553
0.0514476937785
0.0514037414197
0.05135837412
0.0513115925309
0.0512633973119
0.0512137891306
0.0511627686629
0.0511103365926
0.0510564936121
0.0510012404217
0.0509445777302
0.0508865062548
0.0508270267208
0.050766139862
0.0507038464208
0.0506401471478
0.0505750428021
0.0505085341515
0.050440621972
0.0503713070484
0.050300590174
0.0502284721505
0.0501549537885
0.050080035907
0.0500037193337
0.0499260049049
0.0498468934656
0.0497663858695
0.0496844829789
0.049601185665
0.0495164948073
0.0494304112944
0.0493429360234
0.0492540699002
0.0491638138393
0.0490721687641
0.0489791356066
0.0488847153074
0.0487889088161
0.0486917170908
0.0485931410983
0.0484931818143
0.0483918402228
0.0482891173169
0.048185014098
0.0480795315765
0.0479726707712
0.0478644327096
0.0477548184277
0.0476438289703
0.0475314653907
0.0474177287505
0.0473026201202
0.0471861405787
0.0470682912131
0.0469490731193
0.0468284874015
0.0467065351723
0.0465832175527
0.0464585356719
0.0463324906676
0.0462050836857
0.0460763158804
0.0459461884139
0.0458147024568
0.0456818591877
0.0455476597933
0.0454121054685
0.045275197416
0.0451369368466
0.0449973249789
0.0448563630396
0.044714052263
0.0445703938913
0.0444253891745
0.0442790393702
0.0441313457435
0.0439823095675
0.0438319321224
0.0436802146962
0.0435271585841
0.0433727650889
0.0432170355206
0.0430599711964
0.0429015734409
0.0427418435857
0.0425807829695
0.0424183929382
0.0422546748445
0.0420896300481
0.0419232599155
0.04175556582
0.0415865491417
0.0414162112674
0.0412445535903
0.0410715775103
0.0408972844338
0.0407216757735
0.0405447529485
0.0403665173842
0.0401869705122
0.0400061137702
0.039823948602
0.0396404764574
0.0394556987923
0.0392696170681
0.0390822327524
0.0388935473183
0.0387035622447
0.0385122790159
0.038319699122
0.0381258240583
0.0379306553257
0.0377341944302
0.0375364428832
0.0373374022013
0.0371370739061
0.0369354595243
0.0367325605876
0.0365283786325
0.0363229152003
0.0361161718373
0.0359081500942
0.0356988515265
0.0354882776942
0.0352764301618
0.0350633104982
0.0348489202765
0.0346332610745
0.0344163344737
0.0341981420601
0.0339786854235
0.0337579661581
0.0335359858616
0.0333127461359
0.0330882485865
0.0328624948229
0.032635486458
0.0324072251085
0.0321777123946
0.0319469499401
0.0317149393721
0.0314816823212
0.0312471804211
0.031011435309
0.0307744486252
0.0305362220132
0.0302967571193
0.0300560555933
0.0298141190876
0.0295709492577
0.0293265477618
0.029080916261
0.0288340564192
0.0285859699031
0.0283366583817
0.0280861235269
0.0278343670131
0.0275813905171
0.0273271957184
0.0270717842987
0.0268151579421
0.0265573183351
0.0262982671664
0.026038006127
0.02577653691
0.025513861211
0.0252499807272
0.0249848971583
0.0247186122059
0.0244511275735
0.0241824449668
0.0239125660934
0.0236414926627
0.0233692263859
0.0230957689764
0.0228211221491
0.0225452876208
0.0222682671101
0.0219900623373
0.0217106750245
0.0214301068954
0.0211483596753
0.0208654350914
0.0205813348723
0.0202960607482
0.0200096144512
0.0197219977147
0.0194332122736
0.0191432598646
0.0188521422258
0.0185598610967
0.0182664182186
0.017971815334
0.0176760541871
0.0173791365235
0.0170810640903
0.0167818386359
0.0164814619104
0.0161799356653
0.0158772616535
0.0155734416293
0.0152684773486
0.0149623705686
0.014655123048
0.0143467365471
0.0140372128273
0.0137265536519
0.0134147607854
0.0131018359937
0.0127877810443
0.0124725977062
0.0121562877499
0.0118388529472
0.0115202950716
0.011200615898
0.010879817203
0.0105579007644
0.0102348683619
0.00991072177657
0.00958546279103
0.00925909318956
0.00893161475799
0.00860302928378
0.008273338556
0.00794254436538
0.00761064850429
0.00727765276677
0.00694355894856
0.0066083688471
0.00627208426155
0.00593470699282
0.00559623884358
0.00525668161826
0.00491603712309
0.00457430716614
0.00423149355728
0.00388759810825
0.00354262263265
0.00319656894599
0.00284943886568
0.00250123421105
0.00215195680338
0.00180160846594
0.00145019102396
0.00109770630469
0.000744156137407
0.000389542353429
3.38667861383e-05
-0.000322868729002
-0.000680662354427
-0.00103951225046
-0.00139941657527
-0.00176037348489
-0.00212238113317
-0.0024854376718
-0.00284954125022
-0.00321469001568
-0.0035808821132
-0.00394811568553
-0.00431638887315
-0.0046856998143
-0.00505604664488
-0.00542742749851
-0.00579984050649
-0.0061732837978
-0.00654775549905
-0.00692325373452
-0.00729977662614
-0.00767732229346
-0.00805588885364
-0.00843547442149
-0.00881607710939
-0.00919769502735
-0.00958032628298
-0.00996396898147
-0.0103486212256
-0.0107342811158
-0.0111209467499
-0.0115086162237
-0.0118972876301
-0.01228695906
-0.0126776286016
-0.013069294341
-0.0134619543616
-0.0138556067446
-0.0142502495687
-0.0146458809103
-0.0150424988434
-0.0154401014396
-0.0158386867683
-0.0162382528965
-0.0166387978886
-0.0170403198072
-0.0174428167121
-0.0178462866612
-0.01825072771
-0.0186561379117
-0.0190625153173
-0.0194698579757
-0.0198781639335
-0.0202874312352
-0.0206976579231
-0.0211088420376
-0.0215209816168
-0.0219340746967
-0.0223481193116
-0.0227631134933
-0.0231790552722
-0.0235959426763
-0.024013773732
-0.0244325464636
-0.0248522588937
-0.0252729090432
-0.0256944949309
-0.0261170145742
-0.0265404659886
-0.0269648471881
-0.027390156185
-0.0278163909901
-0.0282435496125
-0.02867163006
-0.0291006303389
-0.029530548454
-0.0299613824088
-0.0303931302056
-0.0308257898453
-0.0312593593276
-0.031693836651
-0.0321292198129
-0.0325655068096
-0.0330026956364
-0.0334407842876
-0.0338797707565
-0.0343196530356
-0.0347604291164
-0.0352020969899
-0.0356446546459
-0.036088100074
-0.0365324312628
-0.0369776462004
-0.0374237428744
-0.0378707192719
-0.0383185733795
-0.0387673031833
-0.0392169066693
-0.0396673818229
-0.0401187266294
-0.0405709390739
-0.0410240171412
-0.0414779588161
-0.0419327620833
-0.0423884249273
-0.0428449453329
-0.0433023212847
-0.0437605507674
-0.044219631766
-0.0446795622655
-0.0451403402512
-0.0456019637086
-0.0460644306234
-0.0465277389817
-0.04699188677
-0.047456871975
-0.0479226925839
-0.0483893465843
-0.0488568319643
-0.0493251467124
-0.0497942888176
-0.0502642562694
-0.0507350470579
-0.0512066591738
-0.0516790906081
-0.0521523393526
-0.0526264033996
-0.0531012807419
-0.0535769693729
-0.0540534672868
-0.054530772478
-0.0550088829418
-0.0554877966738
-0.0559675116703
-0.0564480259281
-0.0569293374444
-0.057411444217
-0.0578943442442
-0.0583780355245
-0.058862516057
-0.0593477838412
-0.0598338368766
-0.0603206731632
-0.0608082907013
-0.0612966874912
-0.0617858615333
-0.0622758108281
-0.0627665333761
-0.0632580271776
-0.0637502902328
-0.0642433205417
-0.0647371161038
-0.0652316749183
-0.0657269949839
-0.0662230742985
-0.0667199108594
-0.0672175026631
-0.0677158477051
-0.0682149439796
-0.06871478948
-0.069215382198
-0.0697167201239
-0.0702188012466
-0.0707216235529
-0.071225185028
-0.0717294836546
-0.0722345174134
-0.0727402842828
-0.0732467822382
-0.0737540092525
-0.0742619632955
-0.0747706423338
-0.0752800443306
-0.0757901672453
-0.0763010090339
-0.0768125676479
-0.0773248410348
-0.0778378271372
-0.0783515238934
-0.0788659292363
-0.0793810410935
-0.0798968573873
-0.0804133760339
-0.0809305949434
-0.0814485120196
-0.0819671251595
-0.082486432253
-0.0830064311829
-0.0835271198242
-0.0840484960437
-0.0845705577003
-0.0850933026439
-0.0856167287156
-0.0861408337469
-0.0866656155599
-0.0871910719663
-0.0877172007673
-0.0882439997534
-0.0887714667038
-0.0892995993859
-0.0898283955549
-0.0903578529538
-0.0908879693124
-0.0914187423472
-0.0919501697609
-0.0924822492418
-0.0930149784635
-0.0935483550844
-0.0940823767473
-0.0946170410786
-0.0951523456883
-0.095688288169
-0.0962248660958
-0.0967620770254
-0.0972999184959
-0.0978383880262
-0.0983774831153
-0.0989172012419
-0.0994575398638
-0.0999984964172
-0.100540068317
-0.101082252954
-0.101625047697
-0.10216844989
-0.102712456855
-0.103257065886
-0.103802274253
-0.104348079199
-0.104894477941
-0.105441467668
-0.105989045541
-0.106537208691
-0.107085954221
-0.107635279204
-0.108185180681
-0.108735655661
-0.109286701124
-0.109838314013
-0.11039049124
-0.110943229683
-0.111496526183
-0.112050377546
-0.112604780542
-0.113159731905
-0.113715228328
-0.114271266467
-0.11482784294
-0.115384954323
-0.11594259715
-0.116500767916
-0.117059463072
-0.117618679027
-0.118178412143
-0.11873865874
-0.119299415092
-0.119860677425
-0.12042244192
-0.120984704708
-0.121547461872
-0.122110709446
-0.122674443413
-0.123238659703
-0.123803354197
-0.124368522721
-0.124934161047
-0.125500264895
-0.126066829927
-0.126633851749
-0.127201325911
-0.127769247904
-0.128337613161
-0.128906417056
-0.129475654899
-0.130045321943
-0.130615413377
-0.131185924327
-0.131756849855
-0.132328184957
-0.132899924567
-0.13347206355
-0.134044596703
-0.134617518756
-0.135190824371
-0.135764508139
-0.136338564579
-0.136912988141
-0.137487773202
-0.138062914064
-0.138638404957
-0.139214240035
-0.139790413376
-0.140366918983
-0.14094375078
-0.141520902613
-0.14209836825
-0.142676141378
-0.143254215603
-0.143832584451
-0.144411241364
-0.144990179701
-0.145569392739
-0.146148873668
-0.146728615594
-0.147308611536
-0.147888854426
-0.148469337107
-0.149050052336
-0.149630992777
-0.150212151009
-0.150793519514
-0.151375090688
-0.151956856831
-0.15253881015
-0.153120942761
-0.153703246683
-0.15428571384
-0.154868336062
-0.15545110508
-0.156034012529
-0.156617049947
-0.157200208772
-0.157783480344
-0.158366855901
-0.158950326584
-0.15953388343
-0.160117517377
-0.160701219258
-0.161284979805
-0.161868789647
-0.162452639308
-0.163036519208
-0.163620419663
-0.164204330882
-0.16478824297
-0.165372145924
-0.165956029635
-0.166539883886
-0.167123698352
-0.167707462603
-0.168291166096
-0.168874798182
-0.169458348101
-0.170041804985
-0.170625157854
-0.17120839562
-0.171791507083
-0.172374480931
-0.172957305743
-0.173539969985
-0.174122462011
-0.174704770065
-0.175286882278
-0.175868786666
-0.176450471137
-0.177031923482
-0.177613131383
-0.178194082407
-0.178774764007
-0.179355163525
-0.17993526819
-0.180515065116
-0.181094541304
-0.181673683643
-0.182252478909
-0.182830913763
-0.183408974755
-0.18398664832
-0.184563920783
-0.185140778352
-0.185717207126
-0.18629319309
-0.186868722118
-0.187443779969
-0.188018352295
-0.188592424632
-0.189165982406
-0.189739010933
-0.190311495418
-0.190883420955
-0.191454772529
-0.192025535014
-0.192595693177
-0.193165231674
-0.193734135054
-0.194302387759
-0.194869974121
-0.195436878368
-0.196003084622
-0.196568576896
-0.197133339101
-0.197697355044
-0.198260608425
-0.198823082844
-0.199384761798
-0.199945628682
-0.200505666788
-0.201064859312
-0.201623189347
-0.20218063989
-0.202737193837
-0.203292833991
-0.203847543057
-0.204401303644
-0.204954098268
-0.205505909352
-0.206056719227
-0.206606510131
-0.207155264214
-0.207702963534
-0.208249590064
-0.208795125689
-0.209339552207
-0.209882851331
-0.210425004694
-0.210965993841
-0.211505800241
-0.21204440528
-0.212581790266
-0.21311793643
-0.213652824927
-0.214186436837
-0.214718753166
-0.215249754847
-0.215779422746
-0.216307737657
-0.216834680306
-0.217360231353
-0.217884371394
-0.218407080961
-0.218928340524
-0.219448130493
-0.219966431219
-0.220483222997
-0.220998486064
-0.221512200605
-0.222024346753
-0.222534904589
-0.223043854146
-0.22355117541
-0.224056848321
-0.224560852776
-0.225063168629
-0.225563775694
-0.226062653747
-0.226559782529
-0.227055141744
-0.227548711063
-0.228040470129
-0.228530398552
-0.229018475919
-0.229504681788
-0.229988995697
-0.230471397159
-0.230951865672
-0.231430380713
-0.231906921747
-0.232381468221
-0.232853999576
-0.233324495241
-0.233792934637
-0.234259297182
-0.234723562291
-0.235185709377
-0.235645717854
-0.23610356714
-0.23655923666
-0.237012705843
-0.237463954132
-0.23791296098
-0.238359705854
-0.238804168238
-0.239246327635
-0.239686163567
-0.240123655582
-0.240558783251
-0.240991526173
-0.241421863978
-0.241849776327
-0.242275242916
-0.242698243477
-0.243118757781
-0.24353676564
-0.243952246911
-0.244365181496
-0.244775549343
-0.245183330454
-0.245588504882
-0.245991052734
-0.246390954175
-0.246788189431
-0.24718273879
-0.247574582601
-0.247963701284
-0.248350075326
-0.248733685285
-0.249114511792
-0.249492535557
-0.249867737365
-0.250240098083
-0.250609598662
-0.250976220136
-0.25133994363
-0.251700750354
-0.252058621615
-0.252413538812
-0.252765483442
-0.2531144371
-0.253460381484
-0.253803298394
-0.254143169738
-0.25447997753
-0.254813703898
-0.255144331103
-0.255471841453
-0.255796217441
-0.25611744166
-0.256435496822
-0.256750365763
-0.257062031447
-0.257370476967
-0.257675685544
-0.257977640533
-0.258276325426
-0.258571723849
-0.258863819571
-0.259152596499
-0.259438038685
-0.259720130328
-0.259998855772
-0.260274199514
-0.260546146201
-0.260814680634
-0.261079787772
-0.261341452729
-0.261599660781
-0.261854397366
-0.262105648085
-0.262353398706
-0.262597635165
-0.262838343566
-0.263075510186
-0.263309121476
-0.263539164062
-0.263765624746
-0.26398849051
-0.264207748518
-0.264423386114
-0.264635390828
-0.264843750376
-0.265048452662
-0.265249485777
-0.265446838008
-0.265640497829
-0.265830453912
-0.266016695123
-0.266199210529
-0.26637798939
-0.266553021173
-0.266724295541
-0.266891802366
-0.26705553172
-0.267215473886
-0.267371619349
-0.267523958809
-0.267672483172
-0.267817183558
-0.267958051298
-0.26809507794
-0.268228255245
-0.26835757519
-0.268483029973
-0.268604612007
-0.268722313928
-0.268836128591
-0.268946049074
-0.269052068678
-0.269154180928
-0.269252379574
-0.269346658591
-0.269437012183
-0.269523434778
-0.269605921037
-0.269684465847
-0.269759064326
-0.269829711823
-0.269896403918
-0.269959136424
-0.270017905385
-0.27007270708
-0.270123538022
-0.270170394958
-0.270213274869
-0.270252174972
-0.270287092721
-0.270318025806
-0.270344972152
-0.270367929923
-0.270386897519
-0.270401873579
-0.270412856977
-0.270419846829
-0.270422842485
-0.270421843538
-0.270416849815
-0.270407861384
-0.27039487855
-0.27037790186
-0.270356932095
-0.270331970277
-0.270303017667
-0.270270075761
-0.270233146298
-0.27019223125
-0.270147332829
-0.270098453486
-0.270045595905
-0.269988763011
-0.269927957963
-0.269863184155
-0.26979444522
-0.269721745023
-0.269645087666
-0.269564477483
-0.269479919042
-0.269391417145
-0.269298976825
-0.269202603348
-0.269102302211
-0.268998079139
-0.268889940088
-0.268777891243
-0.268661939017
-0.268542090049
-0.268418351204
-0.268290729574
-0.268159232474
-0.268023867441
-0.267884642238
-0.267741564844
-0.267594643464
-0.267443886518
-0.267289302645
-0.267130900701
-0.266968689757
-0.266802679101
-0.26663287823
-0.266459296856
-0.266281944901
-0.266100832495
-0.265915969978
-0.265727367894
-0.265535036993
-0.265338988231
-0.265139232763
-0.264935781946
-0.264728647336
-0.264517840688
-0.26430337395
-0.264085259268
-0.263863508979
-0.26363813561
-0.263409151881
-0.263176570696
-0.262940405149
-0.262700668515
-0.262457374253
-0.262210536004
-0.261960167585
-0.261706282995
-0.261448896404
-0.261188022157
-0.260923674771
-0.260655868932
-0.260384619495
-0.26010994148
-0.259831850071
-0.259550360613
-0.259265488612
-0.258977249732
-0.258685659792
-0.258390734764
-0.258092490774
-0.257790944096
-0.257486111152
-0.257178008508
-0.256866652876
-0.256552061105
-0.256234250188
-0.255913237249
-0.255589039551
-0.255261674488
-0.254931159583
-0.254597512488
-0.25426075098
-0.25392089296
-0.253577956449
-0.253231959588
-0.252882920633
-0.252530857957
-0.252175790041
-0.251817735479
-0.25145671297
-0.25109274132
-0.250725839436
-0.250356026325
-0.249983321094
-0.249607742944
-0.249229311169
-0.248848045154
-0.248463964373
-0.248077088386
-0.247687436836
-0.247295029449
-0.246899886027
-0.246502026452
-0.246101470678
-0.24569823873
-0.245292350705
-0.244883826765
-0.244472687138
-0.244058952112
-0.243642642036
-0.243223777318
-0.242802378419
-0.242378465853
-0.241952060184
-0.241523182025
-0.241091852034
-0.240658090911
-0.240221919398
-0.239783358275
-0.239342428357
-0.238899150496
-0.23845354557
-0.238005634491
-0.237555438195
-0.237102977642
-0.236648273815
-0.236191347717
-0.235732220366
-0.235270912799
-0.234807446062
-0.234341841213
-0.233874119318
-0.23340430145
-0.232932408683
-0.232458462095
-0.231982482763
-0.231504491759
-0.231024510152
-0.230542559002
-0.230058659361
-0.229572832267
-0.229085098747
-0.228595479809
-0.228103996445
-0.227610669626
-0.2271155203
-0.226618569391
-0.226119837797
-0.225619346387
-0.225117116
-0.22461316744
-0.22410752148
-0.223600198853
-0.223091220255
-0.222580606342
-0.222068377727
-0.221554554978
-0.221039158619
-0.220522209122
-0.220003726912
-0.219483732361
-0.218962245788
-0.218439287456
-0.217914877572
-0.217389036281
-0.21686178367
-0.216333139764
-0.215803124521
-0.215271757836
-0.214739059534
-0.214205049374
-0.213669747041
-0.21313317215
-0.212595344241
-0.212056282779
-0.211516007152
-0.21097453667
-0.210431890561
-0.209888087976
-0.209343147978
-0.208797089549
-0.208249931585
-0.207701692895
-0.207152392136
-0.206602047951
-0.206050679042
-0.205498303745
-0.204944940415
-0.204390607311
-0.203835322598
-0.203279104342
-0.202721970513
-0.202163938979
-0.20160502751
-0.201045253774
-0.200484635337
-0.199923189661
-0.199360934102
-0.198797885914
-0.198234062241
-0.197669480123
-0.19710415649
-0.196538108163
-0.195971351853
-0.195403904161
-0.194835781576
-0.194267000476
-0.193697577123
-0.193127527669
-0.192556868148
-0.191985614482
-0.191413782475
-0.190841387817
-0.190268446077
-0.189694972712
-0.189120983056
-0.188546492328
-0.187971515625
-0.187396067927
-0.186820164092
-0.186243818859
-0.185667046847
-0.185089862551
-0.184512280346
-0.183934314487
-0.183355979104
-0.182777288206
-0.182198255679
-0.181618895286
-0.181039220668
-0.180459245343
-0.179878982702
-0.179298446018
-0.178717648435
-0.178136602977
-0.177555322544
-0.176973819909
-0.176392107725
-0.17581019852
-0.175228104696
-0.174645838534
-0.174063412191
-0.173480837698
-0.172898126967
-0.172315291781
-0.171732343806
-0.17114929458
-0.17056615552
-0.169982937922
-0.169399652957
-0.168816311675
-0.168232925006
-0.167649503757
-0.167066058612
-0.166482600137
-0.165899138777
-0.165315684857
-0.164732248581
-0.164148840035
-0.163565469186
-0.162982145883
-0.162398879855
-0.161815680717
-0.161232557965
-0.160649520979
-0.160066579022
-0.159483741245
-0.15890101668
-0.158318414249
-0.157735942758
-0.1571536109
-0.156571427258
-0.1559894003
-0.155407538387
-0.154825849766
-0.154244342577
-0.15366302485
-0.153081904508
-0.152500989365
-0.151920287129
-0.151339805402
-0.150759551683
-0.150179533363
-0.149599757732
-0.149020231977
-0.148440963181
-0.14786195833
-0.147283224306
-0.146704767893
-0.146126595777
-0.145548714546
-0.14497113069
-0.144393850606
-0.143816880594
-0.14324022686
-0.142663895516
-0.142087892585
-0.141512223996
-0.140936895588
-0.140361913112
-0.139787282229
-0.139213008514
-0.138639097454
-0.138065554451
-0.137492384824
-0.136919593807
-0.136347186552
-0.135775168128
-0.135203543526
-0.134632317656
-0.13406149535
-0.133491081363
-0.132921080371
-0.132351496978
-0.131782335711
-0.131213601027
-0.130645297306
-0.13007742886
-0.129509999931
-0.128943014689
-0.128376477239
-0.127810391617
-0.127244761794
-0.126679591674
-0.1261148851
-0.12555064585
-0.12498687764
-0.124423584127
-0.123860768907
-0.123298435516
-0.122736587435
-0.122175228087
-0.121614360839
-0.121053989004
-0.120494115841
-0.119934744557
-0.119375878308
-0.118817520198
-0.118259673284
-0.117702340573
-0.117145525024
-0.116589229551
-0.116033457022
-0.115478210262
-0.114923492051
-0.114369305128
-0.11381565219
-0.113262535894
-0.112709958857
-0.112157923659
-0.111606432842
-0.111055488912
-0.110505094338
-0.109955251556
-0.109405962969
-0.108857230947
-0.108309057827
-0.107761445917
-0.107214397496
-0.106667914812
-0.106122000086
-0.105576655512
-0.105031883258
-0.104487685467
-0.103944064259
-0.103401021726
-0.102858559943
-0.10231668096
-0.101775386808
-0.101234679495
-0.100694561012
-0.100155033333
-0.0996160984115
-0.099077758186
-0.0985400145788
-0.0980028694967
-0.0974663248325
-0.0969303824651
-0.0963950442608
-0.0958603120737
-0.0953261877465
-0.0947926731114
-0.0942597699906
-0.0937274801972
-0.0931958055357
-0.0926647478028
-0.0921343087882
-0.091604490275
-0.0910752940406
-0.0905467218572
-0.0900187754924
-0.0894914567102
-0.0889647672709
-0.0884387089326
-0.0879132834509
-0.0873884925803
-0.086864338074
-0.0863408216853
-0.0858179451672
-0.0852957102738
-0.0847741187603
-0.0842531723838
-0.0837328729035
-0.0832132220815
-0.0826942208489
-0.0821758726311
-0.0816581783934
-0.0811411398999
-0.0806247589336
-0.080109037283
-0.0795939767426
-0.0790795791132
-0.0785658462023
-0.0780527798246
-0.0775403818021
-0.0770286539649
-0.076517598151
-0.0760072162073
-0.0754975099893
-0.0749884813616
-0.0744801321986
-0.0739724643842
-0.0734654798124
-0.0729591803878
-0.0724535680251
-0.0719486446504
-0.0714444122005
-0.0709408726236
-0.0704380278795
-0.0699358799397
-0.0694344307876
-0.0689336824189
-0.0684336368413
-0.0679342960753
-0.0674356621538
-0.0669377371225
-0.0664405230401
-0.0659440219782
-0.0654482360218
-0.0649531672687
-0.0644588178306
-0.0639651898323
-0.0634722854121
-0.062980106722
-0.0624886559276
-0.0619979352083
-0.0615079467569
-0.0610186927805
-0.0605301754993
-0.060042397148
-0.0595553599744
-0.0590690662407
-0.0585835182225
-0.0580987182093
-0.0576146685042
-0.0571313714241
-0.0566488292995
-0.0561670444744
-0.0556860193064
-0.0552057561666
-0.0547262574393
-0.0542475255222
-0.0537695628261
-0.0532923717748
-0.0528159548054
-0.0523403143675
-0.0518654529235
-0.0513913729486
-0.0509180769301
-0.050445567368
-0.0499738467743
-0.0495029176728
-0.0490327825996
-0.048563444102
-0.0480949047392
-0.0476271670813
-0.04716023371
-0.0466941070792
-0.0462287900691
-0.0457642851548
-0.0453005949603
-0.0448377221197
-0.044375669277
-0.043914439086
-0.0434540342098
-0.0429944573208
-0.0425357111004
-0.0420777982386
-0.0416207214339
-0.0411644833933
-0.0407090868315
-0.0402545344711
-0.039800829042
-0.0393479732815
-0.0388959699337
-0.0384448217495
-0.0379945314861
-0.0375451019068
-0.0370965357809
-0.0366488358829
-0.0362020049931
-0.0357560458964
-0.0353109613825
-0.0348667542455
-0.0344234272837
-0.0339809832992
-0.0335394250975
-0.0330987554875
-0.0326589772809
-0.0322200932921
-0.0317821063378
-0.0313450192368
-0.0309088348095
-0.0304735558778
-0.0300391852647
-0.0296057257939
-0.0291731802899
-0.028741551577
-0.0283108424797
-0.0278810558219
-0.0274521944269
-0.0270242611169
-0.0265972587128
-0.0261711900337
-0.025746057897
-0.0253218651177
-0.0248986145083
-0.0244763088785
-0.0240549510346
-0.0236345437797
-0.0232150899131
-0.0227965922299
-0.022379053521
-0.0219624765725
-0.0215468641658
-0.0211322190768
-0.020718544076
-0.0203058419282
-0.0198941153918
-0.0194833672192
-0.0190736001558
-0.0186648169403
-0.0182570203041
-0.017850212971
-0.0174443976571
-0.0170395770706
-0.0166357539113
-0.0162329308704
-0.0158311106303
-0.0154302958644
-0.0150304892365
-0.0146316934012
-0.0142339110031
-0.0138371446765
-0.0134413970456
-0.0130466707242
-0.0126529683149
-0.0122602924096
-0.0118686455887
-0.0114780304215
-0.0110884494652
-0.0106999052652
-0.0103124003549
-0.00992593725533
-0.00954051847487
-0.00915614650926
-0.00877282384127
-0.00839055294057
-0.00800933626347
-0.00762917625283
-0.00725007533781
-0.00687203593372
-0.00649506044185
-0.00611915124928
-0.00574431072878
-0.00537054123856
-0.00499784512222
-0.00462622470851
-0.00425568231124
-0.00388622022914
-0.00351784074569
-0.00315054612902
-0.00278433863178
-0.00241922049101
-0.00205519392804
-0.00169226114836
-0.00133042434153
-0.000969685681047
-0.000610047324305
-0.000251511412444
0.000105919929702
0.000462244593705
0.000817460487612
0.00117156553602
0.00152455768015
0.0018764348779
0.00222719510391
0.00257683634964
0.00292535662336
0.00327275395024
0.00361902637241
0.00396417194892
0.00430818875585
0.00465107488629
0.00499282845036
0.00533344757525
0.00567293040521
0.00601127510158
0.00634847984277
0.00668454282425
0.00701946225859
0.00735323637538
0.00768586342129
0.00801734165996
0.00834766937208
0.00867684485525
0.00900486642404
0.00933173240989
0.00965744116111
0.0099819910428
0.0103053804368
0.0106276077416
0.0109486713725
0.0112685697612
0.0115873013559
0.0119048646214
0.0122212580386
0.0125364801048
0.0128505293337
0.0131634042547
0.0134751034134
0.0137856253715
0.0140949687061
0.0144031320104
0.0147101138929
0.0150159129778
0.0153205279045
0.0156239573279
0.0159261999178
0.016227254359
0.0165271193514
0.0168257936095
0.0171232758624
0.0174195648537
0.0177146593413
0.0180085580975
0.0183012599084
0.018592763574
0.0188830679082
0.0191721717384
0.0194600739055
0.0197467732636
0.0200322686798
0.0203165590343
0.0205996432201
0.0208815201427
0.0211621887199
0.021441647882
0.0217198965712
0.0219969337418
0.0222727583594
0.0225473694016
0.0228207658569
0.0230929467253
0.0233639110175
0.0236336577552
0.0239021859704
0.0241694947056
0.0244355830137
0.0247004499572
0.0249640946085
0.0252265160498
0.0254877133725
0.0257476856772
0.0260064320734
0.0262639516795
0.0265202436225
0.0267753070376
0.0270291410683
0.0272817448658
0.0275331175893
0.0277832584054
0.0280321664881
0.0282798410183
0.0285262811839
0.0287714861796
0.0290154552063
0.0292581874714
0.0294996821881
0.0297399385757
0.0299789558589
0.0302167332678
0.0304532700378
0.0306885654092
0.030922618627
0.0311554289408
0.0313869956046
0.0316173178764
0.0318463950184
0.0320742262962
0.0323008109791
0.0325261483397
0.0327502376536
0.0329730781992
0.0331946692578
0.0334150101131
0.0336341000509
0.0338519383592
0.034068524328
0.0342838572487
0.0344979364143
0.0347107611191
0.0349223306583
0.0351326443282
0.0353417014257
0.0355495012481
0.0357560430931
0.0359613262584
0.0361653500419
0.0363681137408
0.0365696166523
0.0367698580726
0.0369688372974
0.0371665536212
0.0373630063376
0.0375581947385
0.0377521181148
0.0379447757553
0.0381361669472
0.0383262909757
0.0385151471236
0.0387027346718
0.0388890528982
0.0390741010786
0.0392578784856
0.0394403843891
0.0396216180559
0.0398015787494
0.0399802657298
0.0401576782537
0.0403338155741
0.0405086769401
0.0406822615972
0.0408545687864
0.041025597745
0.0411953477055
0.0413638178965
0.0415310075416
0.0416969158602
0.0418615420666
0.0420248853703
0.0421869449759
0.042347720083
0.0425072098858
0.0426654135734
0.0428223303295
0.0429779593323
0.0431322997545
0.0432853507631
0.0434371115194
0.043587581179
0.0437367588915
0.0438846438006
0.0440312350442
0.0441765317538
0.0443205330548
0.0444632380667
0.0446046459025
0.0447447556689
0.0448835664662
0.0450210773886
0.0451572875235
0.0452921959519
0.0454258017485
0.0455581039811
0.0456891017111
0.0458187939934
0.045947179876
0.0460742584004
0.0462000286013
0.0463244895069
0.0464476401386
0.0465694795111
0.0466900066322
0.0468092205033
0.0469271201189
0.0470437044667
0.0471589725279
0.047272923277
0.0473855556815
0.0474968687027
0.047606861295
0.047715532406
0.0478228809772
0.047928905943
0.0480336062318
0.048136980765
0.0482390284578
0.048339748219
0.048439138951
0.0485371995499
0.0486339289054
0.0487293259011
0.0488233894144
0.0489161183166
0.0490075114729
0.0490975677427
0.0491862859792
0.0492736650301
0.0493597037369
0.0494444009359
0.0495277554574
0.0496097661264
0.0496904317622
0.049769751179
0.0498477231855
0.0499243465853
0.049999620177
0.050073542754
0.050146113105
0.0502173300137
0.0502871922593
0.0503556986163
0.0504228478545
0.0504886387398
0.0505530700334
0.0506161404925
0.0506778488703
0.0507381939161
0.0507971743752
0.0508547889894
0.0509110364969
0.0509659156325
0.0510194251277
0.0510715637106
0.0511223301065
0.0511717230377
0.0512197412237
0.0512663833815
0.0513116482254
0.0513555344674
0.0513980408172
0.0514391659826
0.0514789086693
0.0515172675813
0.0515542414208
0.0515898288885
0.051624028684
0.0516568395055
0.05168826005
0.0517182890138
0.0517469250924
0.0517741669807
0.0518000133732
0.0518244629639
0.0518475144469
0.0518691665162
0.0518894178661
0.051908267191
0.0519257131861
0.0519417545471
0.0519563899704
0.0519696181537
0.0519814377955
0.0519918475958
0.0520008462561
0.0520084324794
0.0520146049705
0.0520193624362
0.0520227035856
0.0520246271297
0.0520251317822
0.0520242162594
0.0520218792803
0.052018119567
0.0520129358444
0.0520063268409
0.0519982912884
0.0519888279221
0.0519779354813
0.0519656127089
0.051951858352
0.0519366711621
0.051920049895
0.0519019933109
0.0518825001749
0.0518615692571
0.0518391993323
0.0518153891809
0.0517901375883
0.0517634433458
0.05173530525
0.0517057221036
0.0516746927152
0.0516422158995
0.0516082904775
0.0515729152769
0.0515360891315
0.0514978108824
0.0514580793772
0.0514168934708
0.051374252025
0.0513301539093
0.0512845980004
0.0512375831828
0.0511891083487
0.0511391723983
0.0510877742396
0.051034912789
0.0509805869712
0.0509247957194
0.0508675379752
0.0508088126891
0.0507486188205
0.0506869553375
0.0506238212177
0.0505592154475
0.050493137023
0.0504255849496
0.0503565582425
0.0502860559262
0.0502140770356
0.050140620615
0.0500656857192
0.0499892714129
0.0499113767711
0.0498320008792
0.0497511428333
0.0496688017399
0.049584976716
0.0494996668899
0.0494128714002
0.049324589397
0.0492348200412
0.0491435625049
0.0490508159715
0.0489565796357
0.0488608527035
0.0487636343928
0.0486649239326
0.0485647205639
0.0484630235392
0.0483598321231
0.0482551455918
0.0481489632335
0.0480412843486
0.0479321082494
0.0478214342602
0.0477092617179
0.0475955899713
0.0474804183816
0.0473637463225
0.0472455731798
0.047125898352
0.04700472125
0.0468820412974
0.04675785793
0.0466321705966
0.0465049787584
0.0463762818895
0.0462460794764
0.0461143710186
0.0459811560283
0.0458464340303
0.0457102045625
0.0455724671755
0.0454332214325
0.0452924669098
0.0451502031966
0.0450064298948
0.0448611466191
0.0447143529974
0.04456604867
0.0444162332906
0.0442649065252
0.0441120680532
0.0439577175663
0.0438018547695
0.0436444793803
0.0434855911292
0.0433251897593
0.0431632750267
0.0429998466999
0.0428349045604
0.0426684484021
0.0425004780319
0.0423309932691
0.0421599939454
0.0419874799054
0.041813451006
0.0416379071164
0.0414608481186
0.0412822739066
0.0411021843868
0.040920579478
0.040737459111
0.040552823229
0.0403666717869
0.0401790047519
0.0399898221033
0.0397991238319
0.0396069099406
0.039413180444
0.0392179353683
0.0390211747516
0.0388228986431
0.0386231071038
0.038421800206
0.0382189780333
0.0380146406803
0.0378087882531
0.0376014208686
0.0373925386548
0.0371821417503
0.0369702303048
0.0367568044784
0.0365418644421
0.0363254103769
0.0361074424747
0.0358879609374
0.035666965977
0.0354444578158
0.0352204366858
0.0349949028292
0.0347678564977
0.0345392979526
0.0343092274649
0.0340776453149
0.0338445517922
0.0336099471956
0.0333738318329
0.0331362060209
0.0328970700853
0.0326564243604
0.0324142691889
0.0321706049223
0.0319254319202
0.0316787505504
0.0314305611888
0.0311808642193
0.0309296600336
0.0306769490309
0.0304227316181
0.0301670082095
0.0299097792267
0.0296510450984
0.0293908062604
0.0291290631551
0.0288658162319
0.0286010659468
0.0283348127622
0.0280670571466
0.027797799575
0.0275270405283
0.0272547804934
0.0269810199627
0.0267057594345
0.0264289994124
0.0261507404054
0.0258709829277
0.0255897274985
0.0253069746418
0.0250227248866
0.0247369787663
0.0244497368188
0.0241609995865
0.0238707676157
0.0235790414569
0.0232858216645
0.0229911087965
0.0226949034148
0.0223972060843
0.0220980173736
0.0217973378542
0.0214951681009
0.0211915086911
0.020886360205
0.0205797232256
0.020271598338
0.0199619861298
0.0196508871909
0.0193383021129
0.0190242314895
0.018708675916
0.0183916359894
0.0180731123081
0.0177531054719
0.0174316160816
0.0171086447392
0.0167841920476
0.0164582586104
0.0161308450318
0.0158019519166
0.0154715798699
0.0151397294969
0.0148064014033
0.0144715961942
0.0141353144751
0.0137975568508
0.0134583239258
0.0131176163042
0.0127754345891
0.0124317793832
0.012086651288
0.0117400509041
0.0113919788308
0.0110424356662
0.010691422007
0.0103389384483
0.00998498558381
0.00962956400521
0.00927267430245
0.0089143170635
0.00855449287423
0.00819320231834
0.00783044597723
0.0074662244299
0.00710053825286
0.00673338801999
0.00636477430249
0.00599469766876
0.00562315868428
0.00525015791156
0.00487569591003
0.00449977323593
0.00412239044223
0.00374354807858
0.00336324669118
0.00298148682269
0.0025982690122
0.00221359379511
0.00182746170306
0.00143987326387
0.00105082900145
0.000660329435742
0.000268375082627
-0.000125033546106
-0.00051989594285
-0.000916211604231
-0.00131398003118
-0.00171320072896
-0.00211387320728
-0.00251599698027
-0.00291957156662
-0.00332459648954
-0.00373107127689
-0.00413899546113
-0.00454836857948
-0.00495919017384
-0.00537145979091
-0.00578517698218
-0.006200341304
-0.00661695231756
-0.00703500958896
-0.00745451268921
-0.00787546119426
-0.00829785468504
-0.00872169274744
-0.00914697497233
-0.0095737009556
-0.0100018702982
-0.0104314826059
-0.0108625374898
-0.0112950345659
-0.011728973455
-0.0121643537832
-0.0126011751816
-0.0130394372862
-0.0134791397379
-0.0139202821829
-0.014362864272
-0.0148068856612
-0.0152523460112
-0.0156992449879
-0.0161475822617
-0.0165973575081
-0.0170485704074
-0.0175012206444
-0.017955307909
-0.0184108318955
-0.018867792303
-0.019326188835
-0.0197860211998
-0.02024728911
-0.0207099922828
-0.0211741304395
-0.0216397033061
-0.0221067106125
-0.022575152093
-0.0230450274859
-0.0235163365337
-0.0239890789827
-0.0244632545831
-0.0249388630891
-0.0254159042584
-0.0258943778525
-0.0263742836364
-0.0268556213785
-0.0273383908506
-0.027822591828
-0.0283082240887
-0.0287952874142
-0.0292837815888
-0.0297737063996
-0.0302650616365
-0.0307578470921
-0.0312520625614
-0.0317477078419
-0.0322447827333
-0.0327432870374
-0.0332432205582
-0.0337445831015
-0.0342473744747
-0.0347515944871
-0.0352572429493
-0.0357643196734
-0.0362728244726
-0.0367827571611
-0.0372941175542
-0.0378069054677
-0.0383211207183
-0.0388367631229
-0.0393538324989
-0.0398723286638
-0.0403922514348
-0.0409136006291
-0.0414363760638
-0.0419605775549
-0.0424862049182
-0.0430132579683
-0.0435417365188
-0.0440716403821
-0.0446029693693
-0.0451357232895
-0.0456699019504
-0.0462055051574
-0.046742532714
-0.047280984421
-0.0478208600769
-0.0483621594773
-0.0489048824147
-0.0494490286786
-0.049994598055
-0.0505415903264
-0.0510900052714
-0.0516398426645
-0.0521911022761
-0.0527437838721
-0.0532978872136
-0.053853412057
-0.0544103581534
-0.0549687252488
-0.0555285130832
-0.0560897213911
-0.056652349901
-0.0572163983349
-0.0577818664085
-0.0583487538306
-0.058917060303
-0.0594867855205
-0.0600579291701
-0.0606304909314
-0.0612044704758
-0.0617798674666
-0.0623566815586
-0.0629349123979
-0.0635145596216
-0.0640956228577
-0.0646781017246
-0.0652619958309
-0.0658473047753
-0.0664340281464
-0.0670221655219
-0.067611716469
-0.0682026805438
-0.068795057291
-0.0693888462438
-0.0699840469234
-0.070580658839
-0.0711786814874
-0.0717781143526
-0.0723789569058
-0.0729812086049
-0.0735848688942
-0.0741899372044
-0.0747964129519
-0.0754042955389
-0.076013584353
-0.0766242787668
-0.0772363781376
-0.0778498818076
-0.0784647891027
-0.0790810993332
-0.0796988117927
-0.0803179257584
-0.0809384404904
-0.0815603552318
-0.0821836692079
-0.0828083816264
-0.0834344916768
-0.0840619985304
-0.0846909013395
-0.0853211992377
-0.0859528913392
-0.0865859767385
-0.0872204545105
-0.0878563237098
-0.0884935833704
-0.0891322325058
-0.0897722701082
-0.0904136951486
-0.0910565065763
-0.0917007033185
-0.0923462842803
-0.0929932483442
-0.0936415943698
-0.0942913211936
-0.0949424276286
-0.095594912464
-0.0962487744651
-0.0969040123724
-0.0975606249024
-0.098218610746
-0.0988779685691
-0.0995386970122
-0.10020079469
-0.10086426019
-0.101529092074
-0.102195288878
-0.10286284911
-0.103531771249
-0.104202053749
-0.104873695035
-0.105546693504
-0.106221047523
-0.106896755433
-0.107573815542
-0.108252226131
-0.108931985452
-0.109613091725
-0.110295543141
-0.110979337859
-0.111664474008
-0.112350949686
-0.113038762959
-0.113727911861
-0.114418394395
-0.115110208529
-0.115803352202
-0.116497823317
-0.117193619745
-0.117890739324
-0.118589179856
-0.119288939111
-0.119990014824
-0.120692404696
-0.12139610639
-0.122101117538
-0.122807435734
-0.123515058536
-0.124223983467
-0.124934208013
-0.125645729623
-0.12635854571
-0.127072653649
-0.127788050779
-0.128504734399
-0.129222701772
-0.129941950121
-0.130662476632
-0.131384278451
-0.132107352686
-0.132831696405
-0.133557306636
-0.134284180369
-0.135012314552
-0.135741706093
-0.136472351859
-0.137204248678
-0.137937393336
-0.138671782575
-0.1394074131
-0.140144281571
-0.140882384606
-0.141621718783
-0.142362280634
-0.143104066651
-0.143847073282
-0.144591296931
-0.14533673396
-0.146083380685
-0.14683123338
-0.147580288275
-0.148330541554
-0.149081989356
-0.149834627778
-0.150588452868
-0.151343460633
-0.152099647031
-0.152857007975
-0.153615539334
-0.154375236928
-0.155136096533
-0.155898113876
-0.156661284641
-0.15742560446
-0.158191068922
-0.158957673568
-0.159725413888
-0.160494285329
-0.161264283288
-0.162035403112
-0.162807640104
-0.163580989514
-0.164355446546
-0.165131006354
-0.165907664044
-0.166685414673
-0.167464253248
-0.168244174725
-0.169025174013
-0.169807245969
-0.170590385402
-0.171374587069
-0.172159845679
-0.172946155887
-0.1737335123
-0.174521909475
-0.175311341915
-0.176101804075
-0.176893290357
-0.177685795113
-0.178479312642
-0.179273837192
-0.180069362961
-0.180865884093
-0.181663394681
-0.182461888766
-0.183261360335
-0.184061803326
-0.184863211622
-0.185665579055
-0.186468899403
-0.187273166393
-0.188078373696
-0.188884514935
-0.189691583675
-0.190499573431
-0.191308477664
-0.192118289781
-0.192929003136
-0.19374061103
-0.194553106711
-0.195366483372
-0.196180734153
-0.196995852139
-0.197811830364
-0.198628661806
-0.199446339389
-0.200264855984
-0.201084204407
-0.201904377422
-0.202725367735
-0.203547168002
-0.204369770822
-0.20519316874
-0.206017354248
-0.206842319783
-0.207668057726
-0.208494560407
-0.209321820099
-0.210149829021
-0.210978579338
-0.21180806316
-0.212638272542
-0.213469199486
-0.214300835939
-0.215133173792
-0.215966204883
-0.216799920996
-0.217634313858
-0.218469375143
-0.219305096471
-0.220141469408
-0.220978485462
-0.221816136091
-0.222654412695
-0.223493306623
-0.224332809166
-0.225172911562
-0.226013604996
-0.226854880598
-0.227696729442
-0.22853914255
-0.22938211089
-0.230225625372
-0.231069676858
-0.23191425615
-0.232759354001
-0.233604961106
-0.234451068108
-0.235297665598
-0.236144744109
-0.236992294125
-0.237840306073
-0.238688770327
-0.239537677209
-0.240387016987
-0.241236779876
-0.242086956036
-0.242937535576
-0.243788508552
-0.244639864967
-0.245491594768
-0.246343687855
-0.24719613407
-0.248048923206
-0.248902045003
-0.249755489147
-0.250609245273
-0.251463302965
-0.252317651753
-0.253172281117
-0.254027180484
-0.25488233923
-0.25573774668
-0.256593392107
-0.257449264733
-0.258305353729
-0.259161648216
-0.260018137263
-0.260874809888
-0.261731655061
-0.2625886617
-0.263445818672
-0.264303114796
-0.26516053884
-0.266018079522
-0.266875725513
-0.267733465431
-0.268591287848
-0.269449181284
-0.270307134214
-0.27116513506
-0.2720231722
-0.272881233961
-0.273739308622
-0.274597384415
-0.275455449523
-0.276313492083
-0.277171500185
-0.278029461869
-0.278887365131
-0.27974519792
-0.280602948137
-0.281460603636
-0.282318152229
-0.283175581677
-0.284032879699
-0.284890033966
-0.285747032106
-0.2866038617
-0.287460510285
-0.288316965354
-0.289173214355
-0.290029244692
-0.290885043724
-0.291740598767
-0.292595897095
-0.293450925938
-0.294305672481
-0.295160123869
-0.296014267203
-0.296868089542
-0.297721577903
-0.298574719261
-0.299427500551
-0.300279908664
-0.301131930453
-0.301983552727
-0.302834762257
-0.303685545773
-0.304535889965
-0.305385781483
-0.306235206937
-0.307084152899
-0.307932605902
-0.30878055244
-0.309627978967
-0.310474871903
-0.311321217625
-0.312167002476
-0.313012212761
-0.313856834748
-0.314700854667
-0.315544258712
-0.316387033044
-0.317229163783
-0.318070637017
-0.318911438798
-0.319751555142
-0.320590972032
-0.321429675414
-0.322267651202
-0.323104885275
-0.323941363479
-0.324777071627
-0.325611995498
-0.32644612084
-0.327279433367
-0.328111918761
-0.328943562674
-0.329774350725
-0.330604268502
-0.331433301563
-0.332261435435
-0.333088655615
-0.333914947569
-0.334740296735
-0.335564688522
-0.336388108307
-0.337210541443
-0.338031973251
-0.338852389025
-0.339671774033
-0.340490113514
-0.34130739268
-0.342123596717
-0.342938710763
-0.343752719928
-0.34456560943
-0.345377364284
-0.346187969548
-0.346997410253
-0.347805671408
-0.348612737996
-0.349418594977
-0.350223227287
-0.35102661984
-0.351828757526
-0.352629625213
-0.353429207748
-0.354227489954
-0.355024456635
-0.355820092572
-0.356614382526
-0.357407311238
-0.358198863428
-0.358989023796
-0.359777777025
-0.360565107742
-0.361351000659
-0.362135440368
-0.362918411475
-0.363699898571
-0.364479886226
-0.365258358995
-0.366035301418
-0.366810698015
-0.367584533293
-0.368356791741
-0.369127457835
-0.369896516034
-0.370663950783
-0.371429746513
-0.372193887642
-0.372956358573
-0.373717143695
-0.374476227386
-0.37523359401
-0.375989227919
-0.376743113455
-0.377495234946
-0.378245576709
-0.378994123051
-0.37974085827
-0.38048576665
-0.381228832468
-0.381970039991
-0.382709373477
-0.383446817175
-0.384182355324
-0.384915972159
-0.385647651902
-0.386377378771
-0.387105136977
-0.387830910722
-0.388554684204
-0.389276441612
-0.389996167134
-0.390713844947
-0.391429459228
-0.392142994146
-0.392854433866
-0.393563762552
-0.39427096436
-0.394976023446
-0.395678923961
-0.396379650055
-0.397078185874
-0.397774515564
-0.398468623268
-0.399160493127
-0.399850109284
-0.400537455877
-0.401222517049
-0.401905276939
-0.402585719687
-0.403263829436
-0.403939590328
-0.404612986506
-0.405284002117
-0.405952621308
-0.40661882823
-0.407282607035
-0.407943941879
-0.408602816922
-0.409259216326
-0.40991312426
-0.410564524894
-0.411213402405
-0.411859740975
-0.41250352479
-0.413144738041
-0.413783364929
-0.414419389658
-0.415052796439
-0.41568356949
-0.416311693038
-0.416937151316
-0.417559928566
-0.418180009036
-0.418797376987
-0.419412016683
-0.420023912403
-0.420633048432
-0.421239409066
-0.421842978612
-0.422443741385
-0.423041681713
-0.423636783935
-0.424229032401
-0.424818411472
-0.425404905523
-0.425988498939
-0.426569176118
-0.427146921474
-0.427721719431
-0.428293554428
-0.428862410917
-0.429428273365
-0.429991126253
-0.430550954078
-0.431107741351
-0.431661472597
-0.43221213236
-0.432759705198
-0.433304175685
-0.433845528413
-0.434383747989
-0.434918819039
-0.435450726205
-0.435979454148
-0.436504987545
-0.437027311095
-0.437546409512
-0.438062267531
-0.438574869905
-0.439084201407
-0.439590246829
-0.440092990985
-0.440592418707
-0.44108851485
-0.441581264287
-0.442070651914
-0.442556662648
-0.443039281428
-0.443518493216
-0.443994282993
-0.444466635765
-0.44493553656
-0.44540097043
-0.44586292245
-0.446321377717
-0.446776321354
-0.447227738506
-0.447675614345
-0.448119934065
-0.448560682887
-0.448997846055
-0.44943140884
-0.449861356539
-0.450287674474
-0.450710347992
-0.451129362469
-0.451544703307
-0.451956355932
-0.452364305802
-0.452768538398
-0.453169039232
-0.453565793842
-0.453958787794
-0.454348006684
-0.454733436135
-0.4551150618
-0.45549286936
-0.455866844526
-0.456236973039
-0.45660324067
-0.456965633217
-0.457324136513
-0.457678736418
-0.458029418824
-0.458376169655
-0.458718974863
-0.459057820435
-0.459392692387
-0.459723576768
-0.46005045966
-0.460373327176
-0.460692165461
-0.461006960694
-0.461317699086
-0.461624366882
-0.46192695036
-0.462225435831
-0.462519809641
-0.462810058169
-0.463096167829
-0.463378125067
-0.463655916368
-0.463929528248
-0.464198947259
-0.464464159989
-0.464725153062
-0.464981913135
-0.465234426902
-0.465482681095
-0.46572666248
-0.46596635786
-0.466201754074
-0.466432837998
-0.466659596546
-0.466882016668
-0.467100085352
-0.467313789623
-0.467523116544
-0.467728053215
-0.467928586775
-0.468124704402
-0.468316393311
-0.468503640755
-0.468686434028
-0.468864760461
-0.469038607424
-0.469207962329
-0.469372812624
-0.469533145798
-0.46968894938
-0.46984021094
-0.469986918085
-0.470129058465
-0.47026661977
-0.470399589729
-0.470527956114
-0.470651706736
-0.470770829448
-0.470885312144
-0.470995142759
-0.471100309271
-0.471200799697
-0.471296602098
-0.471387704577
-0.471474095278
-0.471555762387
-0.471632694133
-0.471704878788
-0.471772304667
-0.471834960126
-0.471892833565
-0.471945913427
-0.471994188199
-0.472037646411
-0.472076276635
-0.472110067488
-0.472139007631
-0.472163085769
-0.472182290649
-0.472196611064
-0.472206035852
-0.472210553893
-0.472210154113
-0.472204825484
-0.472194557019
-0.472179337778
-0.472159156868
-0.472134003438
-0.472103866684
-0.472068735845
-0.472028600209
-0.471983449108
-0.471933271918
-0.471878058064
-0.471817797013
-0.471752478282
-0.471682091431
-0.471606626069
-0.471526071849
-0.471440418471
-0.471349655682
-0.471253773276
-0.471152761093
-0.47104660902
-0.47093530699
-0.470818844986
-0.470697213034
-0.47057040121
-0.470438399637
-0.470301198485
-0.470158787972
-0.470011158361
-0.469858299968
-0.469700203151
-0.469536858319
-0.469368255929
-0.469194386484
-0.469015240538
-0.46883080869
-0.468641081591
-0.468446049936
-0.468245704471
-0.468040035992
-0.467829035339
-0.467612693405
-0.46739100113
-0.467163949503
-0.466931529561
-0.466693732391
-0.466450549128
-0.466201970959
-0.465947989115
-0.465688594882
-0.46542377959
-0.465153534623
-0.46487785141
-0.464596721434
-0.464310136224
-0.464018087359
-0.463720566471
-0.463417565237
-0.463109075387
-0.462795088701
-0.462475597006
-0.462150592182
-0.461820066157
-0.461484010911
-0.461142418472
-0.46079528092
-0.460442590384
-0.460084339044
-0.45972051913
-0.459351122923
-0.458976142754
-0.458595571003
-0.458209400104
-0.457817622538
-0.457420230838
-0.45701721759
-0.456608575426
-0.456194297034
-0.455774375148
-0.455348802555
-0.454917572095
-0.454480676655
-0.454038109175
-0.453589862646
-0.45313593011
-0.45267630466
-0.45221097944
-0.451739947646
-0.451263202522
-0.450780737369
-0.450292545533
-0.449798620416
-0.449298955468
-0.448793544194
-0.448282380146
-0.447765456932
-0.447242768207
-0.446714307681
-0.446180069113
-0.445640046317
-0.445094233153
-0.444542623539
-0.443985211439
-0.443421990873
-0.442852955909
-0.44227810067
-0.441697419329
-0.44111090611
-0.440518555291
-0.439920361199
-0.439316318215
-0.438706420771
-0.438090663352
-0.437469040493
-0.436841546781
-0.436208176856
-0.435568925411
-0.434923787188
-0.434272756983
-0.433615829643
-0.432953000068
-0.432284263209
-0.43160961407
-0.430929047706
-0.430242559225
-0.429550143786
-0.428851796601
-0.428147512935
-0.427437288102
-0.426721117471
-0.425998996462
-0.425270920547
-0.424536885251
-0.423796886151
-0.423050918874
-0.422298979103
-0.421541062571
-0.420777165062
-0.420007282415
-0.419231410518
-0.418449545315
-0.4176616828
-0.416867819018
-0.416067950069
-0.415262072104
-0.414450181326
-0.413632273991
-0.412808346406
-0.411978394931
-0.41114241598
-0.410300406015
-0.409452361556
-0.40859827917
-0.407738155479
-0.406871987157
-0.40599977093
-0.405121503577
-0.404237181928
-0.403346802867
-0.402450363328
-0.4015478603
-0.400639290822
-0.399724651987
-0.398803940939
-0.397877154875
-0.396944291046
-0.396005346751
-0.395060319345
-0.394109206235
-0.393152004878
-0.392188712786
-0.391219327522
-0.390243846702
-0.389262267992
-0.388274589114
-0.387280807839
-0.386280921993
-0.385274929453
-0.384262828147
-0.383244616057
-0.382220291218
-0.381189851716
-0.380153295689
-0.379110621651
-0.378061827352
-0.377006911106
-0.375945871413
-0.374878706672
-0.373805415336
-0.372725995909
-0.371640446948
-0.370548767062
-0.369450954913
-0.368347009214
-0.367236928731
-0.366120712282
-0.364998358738
-0.363869867021
-0.362735236106
-0.36159446502
-0.360447552842
-0.359294498705
-0.358135301791
-0.356969961337
-0.355798476631
-0.354620847014
-0.353437071878
-0.352247150667
-0.35105108288
-0.349848868066
-0.348640505825
-0.347425995811
-0.346205337731
-0.344978531342
-0.343745576454
-0.342506472929
-0.341261220683
-0.340009819682
-0.338752269944
-0.33748857154
-0.336218724594
-0.33494272928
-0.333660585827
-0.332372294512
-0.331077855669
-0.32977726968
-0.328470536982
-0.327157658062
-0.325838633461
-0.32451346377
-0.323182149635
-0.32184469175
-0.320501090865
-0.319151347781
-0.317795463349
-0.316433438475
-0.315065274116
-0.313690971279
-0.312310531027
-0.310923954472
-0.309531242779
-0.308132397166
-0.306727418901
-0.305316309305
-0.303899069753
-0.302475701668
-0.30104620653
-0.299610585866
-0.298168841259
-0.296720974342
-0.2952669868
-0.293806880371
-0.292340656844
-0.290868318061
-0.289389865916
-0.287905302354
-0.286414629372
-0.284917849021
-0.283414963402
-0.281905974668
-0.280390885026
-0.278869696732
-0.277342412097
-0.275809033482
-0.274269563301
-0.272724004019
-0.271172358154
-0.269614628276
-0.268050817006
-0.266480927018
-0.264904961038
-0.263322921842
-0.261734812261
-0.260140635176
-0.258540393521
-0.256934090281
-0.255321728494
-0.25370331125
-0.252078841689
-0.250448323005
-0.248811758444
-0.247169151304
-0.245520504933
-0.243865822733
-0.242205108157
-0.240538364712
-0.238865595954
-0.237186805493
-0.235501996989
-0.233811174157
-0.232114340762
-0.230411500622
-0.228702657604
-0.226987815632
-0.225266978678
-0.223540150768
-0.221807335978
-0.220068538439
-0.218323762331
-0.216573011889
-0.214816291397
-0.213053605192
-0.211284957665
-0.209510353257
-0.20772979646
-0.205943291822
-0.204150843938
-0.202352457458
-0.200548137085
-0.198737887571
-0.196921713723
-0.195099620398
-0.193271612505
-0.191437695006
-0.189597872916
-0.187752151299
-0.185900535274
-0.184043030011
-0.182179640732
-0.18031037271
-0.178435231273
-0.176554221798
-0.174667349715
-0.172774620507
-0.170876039708
-0.168971612906
-0.167061345737
-0.165145243894
-0.163223313119
-0.161295559207
-0.159361988005
-0.157422605412
-0.15547741738
-0.153526429911
-0.151569649062
-0.14960708094
-0.147638731705
-0.145664607568
-0.143684714795
-0.1416990597
-0.139707648653
-0.137710488074
-0.135707584436
-0.133698944263
-0.131684574133
-0.129664480675
-0.12763867057
-0.125607150552
-0.123569927406
-0.121527007971
-0.119478399137
-0.117424107845
-0.115364141092
-0.113298505923
-0.111227209438
-0.109150258787
-0.107067661175
-0.104979423857
-0.102885554141
-0.100786059387
-0.0986809470071
-0.096570224467
-0.0944538992832
-0.0923319790249
-0.0902044713135
-0.0880713838229
-0.0859327242791
-0.0837885004604
-0.0816387201975
-0.0794833913731
-0.0773225219225
-0.0751561198332
-0.072984193145
-0.07080674995
-0.0686237983925
-0.0664353466694
-0.0642414030296
-0.0620419757745
-0.0598370732579
-0.0576267038857
-0.0554108761163
-0.0531895984605
-0.0509628794812
-0.048730727794
-0.0464931520664
-0.0442501610187
-0.0420017634233
-0.0397479681051
-0.0374887839411
-0.035224219861
-0.0329542848468
-0.0306789879326
-0.0283983382053
-0.0261123448038
-0.0238210169197
-0.0215243637967
-0.0192223947311
-0.0169151190715
-0.0146025462188
-0.0122846856266
-0.00996154680067
-0.00763313929912
-0.0052994727326
-0.00296055676415
-0.000616401109175
0.00173298446449
0.0040875901366
0.00644740603451
0.00881242223315
0.011182628755
0.0135580155703
0.0159385725966
0.0183242896992
0.0207151566909
0.0231111633323
0.0255122993313
0.0279185543434
0.030329917972
0.0327463797678
0.035167929229
0.0375945558016
0.0400262488791
0.0424629978026
0.0449047918608
0.0473516202899
0.0498034722737
0.0522603369437
0.0547222033789
0.0571890606058
0.0596608975987
0.0621377032793
0.064619466517
0.0671061761288
0.0695978208792
0.0720943894805
0.0745958705923
0.0771022528221
0.0796135247249
0.0821296748033
0.0846506915074
0.0871765632352
0.089707278332
0.0922428250911
0.0947831917531
0.0973283665064
0.0998783374871
0.102433092779
0.104992620412
0.107556908368
0.110125944571
0.112699716896
0.115278213165
0.117861421148
0.120449328562
0.123041923073
0.125639192292
0.128241123781
0.130847705047
0.133458923546
0.136074766683
0.138695221716
0.141320276129
0.143949917075
0.146584131492
0.149222907039
0.151866230547
0.154514089055
0.157166469548
0.159823358959
0.162484744171
0.165150612013
0.16782094926
0.17049574264
0.173174978823
0.175858644431
0.178546726033
0.181239210145
0.183936083231
0.186637331704
0.189342941924
0.192052900199
0.194767192785
0.197485805887
0.200208725656
0.202935938193
0.205667429547
0.208403185712
0.211143192635
0.213887436206
0.216635902267
0.219388576606
0.22214544496
0.224906493013
0.2276717064
0.2304410707
0.233214571444
0.235992194108
0.23877392412
0.241559746852
0.244349647628
0.247143611719
0.249941624342
0.252743670666
0.255549735806
0.258359804826
0.26117386274
0.263991894507
0.266813885038
0.26963981919
0.27246968177
0.275303457532
0.27814113118
0.280982687367
0.283828110692
0.286677385705
0.289530496905
0.292387428737
0.295248165598
0.298112691831
0.300980991729
0.303853049534
0.306728849436
0.309608375575
0.31249161204
0.315378542867
0.318269152042
0.321163423502
0.324061341129
0.326962888758
0.32986805017
0.332776809098
0.335689149221
0.33860505417
0.341524507524
0.344447492811
0.347373993509
0.350303993045
0.353237474796
0.356174422086
0.359114818193
0.36205864634
0.365005889701
0.367956531402
0.370910554515
0.373867942065
0.376828677023
0.379792742313
0.382760120807
0.385730795329
0.38870474865
0.391681963492
0.394662422529
0.397646108383
0.400633003625
0.40362309078
0.406616352319
0.409612770666
0.412612328195
0.415615007229
0.418620790042
0.42162965886
0.424641595857
0.427656583159
0.430674602844
0.433695636937
0.436719667418
0.439746676214
0.442776645205
0.445809556223
0.448845391047
0.451884131412
0.454925759001
0.457970255449
0.461017602342
0.464067781217
0.467120773564
0.470176560823
0.473235124385
0.476296445595
0.479360505747
0.482427286088
0.485496767818
0.488568932086
0.491643759995
0.4947212326
0.497801330907
0.500884035875
0.503969328415
0.507057189391
0.510147599619
0.513240539866
0.516335990854
0.519433933257
0.5225343477
0.525637214763
0.528742514979
0.531850228831
0.534960336758
0.538072819151
0.541187656356
0.544304828669
0.547424316343
0.550546099582
0.553670158545
0.556796473343
0.559925024044
0.563055790667
0.566188753185
0.569323891528
0.572461185577
0.575600615169
0.578742160094
0.581885800099
0.585031514884
0.588179284103
0.591329087366
0.594480904238
0.597634714238
0.60079049684
0.603948231476
0.60710789753
0.610269474343
0.613432941211
0.616598277387
0.619765462079
0.62293447445
0.626105293621
0.629277898667
0.632452268621
0.635628382471
0.638806219163
0.641985757599
0.645166976637
0.648349855093
0.65153437174
0.654720505307
0.657908234482
0.661097537909
0.664288394189
0.667480781884
0.670674679509
0.67387006554
0.677066918411
0.680265216514
0.683464938198
0.686666061772
0.689868565503
0.693072427617
0.696277626298
0.699484139691
0.702691945897
0.70590102298
0.709111348962
0.712322901823
0.715535659504
0.718749599908
0.721964700894
0.725180940284
0.72839829586
0.731616745364
0.734836266499
0.738056836929
0.741278434278
0.744501036132
0.747724620038
0.750949163506
0.754174644004
0.757401038966
0.760628325785
0.763856481817
0.767085484381
0.770315310757
0.773545938189
0.776777343883
0.780009505009
0.783242398698
0.786476002046
0.789710292113
0.79294524592
0.796180840455
0.799417052667
0.802653859473
0.80589123775
0.809129164341
0.812367616057
0.815606569669
0.818846001916
0.822085889501
0.825326209093
0.828566937327
0.831808050803
0.835049526087
0.838291339713
0.841533468178
0.844775887949
0.848018575457
0.851261507103
0.854504659251
0.857748008237
0.86099153036
0.864235201891
0.867478999066
0.870722898089
0.873966875136
0.877210906346
0.880454967832
0.883699035672
0.886943085915
0.890187094579
0.893431037653
0.896674891093
0.899918630826
0.90316223275
0.906405672734
0.909648926615
0.912891970202
0.916134779277
0.91937732959
0.922619596865
0.925861556796
0.92910318505
0.932344457265
0.935585349052
0.938825835996
0.94206589365
0.945305497547
0.948544623186
0.951783246045
0.955021341572
0.958258885191
0.9614958523
0.964732218269
0.967967958445
0.97120304815
0.974437462679
0.977671177303
0.980904167268
0.984136407799
0.987367874091
0.990598541321
0.993828384638
0.997057379171
1.00028550002
1.00351272228
1.00673902099
1.0099643712
1.01318874791
1.01641212613
1.01963448083
1.02285578694
1.0260760194
1.02929515312
1.03251316298
1.03573002385
1.03894571057
1.04216019796
1.04537346084
1.04858547399
1.05179621218
1.05500565015
1.05821376263
1.06142052433
1.06462590995
1.06782989415
1.0710324516
1.07423355694
1.07743318478
1.08063130973
1.08382790638
1.0870229493
1.09021641304
1.09340827215
1.09659850114
1.09978707453
1.10297396681
1.10615915245
1.10934260593
1.11252430168
1.11570421415
1.11888231775
1.12205858689
1.12523299597
1.12840551936
1.13157613144
1.13474480656
1.13791151906
1.14107624328
1.14423895354
1.14739962413
1.15055822937
1.15371474353
1.1568691409
1.16002139573
1.16317148228
1.1663193748
1.16946504753
1.17260847468
1.17574963048
1.17888848914
1.18202502485
1.18515921181
1.18829102421
1.19142043621
1.194547422
1.19767195572
1.20079401155
1.20391356362
1.20703058609
1.21014505308
1.21325693873
1.21636621717
1.21947286252
1.22257684889
1.22567815041
1.22877674116
1.23187259527
1.23496568683
1.23805598994
1.2411434787
1.24422812719
1.24730990951
1.25038879974
1.25346477197
1.25653780028
1.25960785876
1.26267492149
1.26573896255
1.26879995603
1.271857876
1.27491269654
1.27796439175
1.28101293569
1.28405830246
1.28710046615
1.29013940083
1.2931750806
1.29620747956
1.2992365718
1.30226233141
1.3052847325
1.30830374917
1.31131935553
1.3143315257
1.3173402338
1.32034545394
1.32334716026
1.32634532689
1.32933992797
1.33233093764
1.33531833006
1.33830207939
1.34128215979
1.34425854544
1.34723121052
1.35020012921
1.35316527573
1.35612662426
1.35908414904
1.36203782427
1.36498762421
1.36793352309
1.37087549517
1.37381351471
1.37674755599
1.3796775933
1.38260360094
1.38552555322
1.38844342446
1.391357189
1.39426682119
1.39717229539
1.40007358598
1.40297066735
1.4058635139
1.40875210005
1.41163640024
1.4145163889
1.41739204052
1.42026332957
1.42313023054
1.42599271795
1.42885076632
1.43170435022
1.43455344419
1.43739802283
1.44023806074
1.44307353253
1.44590441284
1.44873067633
1.45155229769
1.4543692516
1.45718151278
1.45998905598
1.46279185595
1.46558988747
1.46838312534
1.47117154439
1.47395511947
1.47673382545
1.47950763721
1.48227652967
1.48504047778
1.48779945649
1.4905534408
1.49330240571
1.49604632627
1.49878517753
1.50151893458
1.50424757255
1.50697106657
1.50968939181
1.51240252347
1.51511043676
1.51781310695
1.5205105093
1.52320261913
1.52588941177
1.52857086259
1.53124694699
1.53391764038
1.53658291823
1.53924275603
1.54189712928
1.54454601354
1.54718938439
1.54982721744
1.55245948834
1.55508617276
1.55770724642
1.56032268506
1.56293246446
1.56553656042
1.56813494881
1.5707276055
1.5733145064
1.57589562748
1.57847094471
1.58104043413
1.58360407179
1.58616183381
1.5887136963
1.59125963544
1.59379962746
1.59633364859
1.59886167513
1.60138368341
1.60389964979
1.60640955068
1.60891336253
1.61141106183
1.61390262511
1.61638802894
1.61886724993
1.62134026473
1.62380705005
1.62626758262
1.62872183922
1.63116979668
1.63361143187
1.63604672171
1.63847564314
1.64089817318
1.64331428888
1.64572396731
1.64812718564
1.65052392103
1.65291415072
1.655297852
1.65767500218
1.66004557865
1.66240955881
1.66476692016
1.66711764019
1.66946169648
1.67179906665
1.67412972837
1.67645365934
1.67877083735
1.68108124019
1.68338484576
1.68568163196
1.68797157676
1.6902546582
1.69253085435
1.69480014333
1.69706250334
1.6993179126
1.70156634941
1.70380779211
1.7060422191
1.70826960884
1.71048993983
1.71270319064
1.71490933988
1.71710836624
1.71930024844
1.72148496529
1.72366249561
1.72583281832
1.72799591239
1.73015175682
1.73230033071
1.73444161319
1.73657558345
1.73870222076
1.74082150442
1.74293341383
1.74503792841
1.74713502766
1.74922469115
1.75130689849
1.75338162937
1.75544886353
1.75750858078
1.75956076099
1.7616053841
1.7636424301
1.76567187905
1.76769371108
1.76970790637
1.77171444519
1.77371330785
1.77570447473
1.77768792629
1.77966364305
1.78163160557
1.78359179452
1.78554419061
1.78748877463
1.78942552742
1.7913544299
1.79327546307
1.79518860797
1.79709384573
1.79899115755
1.80088052469
1.80276192847
1.80463535031
1.80650077168
1.80835817411
1.81020753923
1.81204884872
1.81388208433
1.8157072279
1.81752426133
1.81933316658
1.82113392572
1.82292652084
1.82471093416
1.82648714793
1.82825514449
1.83001490625
1.83176641572
1.83350965543
1.83524460805
1.83697125627
1.83868958289
1.84039957077
1.84210120285
1.84379446215
1.84547933176
1.84715579486
1.84882383468
1.85048343456
1.8521345779
1.85377724818
1.85541142895
1.85703710386
1.85865425662
1.86026287103
1.86186293096
1.86345442037
1.86503732329
1.86661162383
1.8681773062
1.86973435466
1.87128275358
1.87282248738
1.87435354059
1.87587589781
1.87738954373
1.8788944631
1.88039064078
1.88187806169
1.88335671084
1.88482657334
1.88628763436
1.88773987916
1.8891832931
1.89061786159
1.89204357016
1.89346040441
1.89486835003
1.89626739277
1.8976575185
1.89903871315
1.90041096276
1.90177425344
1.90312857137
1.90447390286
1.90581023426
1.90713755205
1.90845584276
1.90976509302
1.91106528957
1.9123564192
1.91363846881
1.91491142539
1.91617527601
1.91743000783
1.9186756081
1.91991206416
1.92113936344
1.92235749346
1.92356644183
1.92476619624
1.92595674448
1.92713807443
1.92831017406
1.92947303142
1.93062663468
1.93177097206
1.9329060319
1.93403180263
1.93514827277
1.93625543091
1.93735326576
1.93844176611
1.93952092084
1.94059071894
1.94165114947
1.9427022016
1.94374386457
1.94477612775
1.94579898056
1.94681241256
1.94781641337
1.94881097271
1.9497960804
1.95077172636
1.95173790059
1.9526945932
1.95364179438
1.95457949442
1.95550768371
1.95642635274
1.95733549208
1.95823509241
1.95912514449
1.9600056392
1.96087656748
1.96173792041
1.96258968913
1.96343186491
1.96426443907
1.96508740308
1.96590074846
1.96670446687
1.96749855004
1.96828298979
1.96905777807
1.9698229069
1.9705783684
1.97132415482
1.97206025846
1.97278667174
1.9735033872
1.97421039745
1.9749076952
1.97559527327
1.97627312457
1.97694124213
1.97759961903
1.97824824852
1.97888712391
1.9795162386
1.9801355861
1.98074516002
1.98134495407
1.98193496207
1.98251517792
1.98308559564
1.98364620933
1.98419701322
1.98473800161
1.98526916891
1.98579050964
1.98630201841
1.98680368994
1.98729551905
1.98777750065
1.98824962976
1.9887119015
1.98916431109
1.98960685385
1.99003952522
1.99046232071
1.99087523595
1.99127826668
1.99167140871
1.99205465799
1.99242801056
1.99279146254
1.99314501015
1.99348864976
1.99382237784
1.99414619091
1.99446008561
1.9947640587
1.99505810704
1.99534222757
1.99561641735
1.99588067355
1.99613499344
1.99637937437
1.99661381382
1.99683830936
1.99705285866
1.99725745951
1.99745210979
1.99763680748
1.99781155066
1.99797633754
1.9981311664
1.99827603564
1.99841094376
1.99853588937
1.99865087117
1.99875588797
1.9988509387
1.99893602235
1.99901113807
1.99907628506
1.99913146266
1.9991766703
1.99921190751
1.99923717394
1.99925246931
1.99925779349
