2.0
1.99999613399
1.9999811291
1.99995612095
1.99992111207
1.9998761043
1.99982109225
1.99975607223
1.99968104661
1.99959601886
1.99950099426
1.99939597964
1.99928096899
1.99915595854
1.99902095279
1.99887595809
1.99872098243
1.99855601825
1.9983810575
1.99819610343
1.9980011611
1.99779623737
1.99758134091
1.99735648213
1.99712167325
1.99687690917
1.99662216587
1.99635744862
1.99608276501
1.9957981245
1.99550353829
1.99519901939
1.99488458256
1.99456023673
1.99422596361
1.99388176486
1.99352764508
1.99316360904
1.99278966167
1.99240580807
1.99201205355
1.99160840358
1.99119486391
1.99077144046
1.99033813925
1.98989496511
1.98944192371
1.98897902108
1.98850626342
1.98802365711
1.98753120873
1.98702892503
1.98651681303
1.98599487995
1.98546313329
1.9849215807
1.98437022847
1.98380908361
1.9832381537
1.98265744648
1.9820669699
1.98146673211
1.9808567415
1.98023700668
1.97960753654
1.97896834024
1.97831942718
1.97766080458
1.97699248033
1.9763144634
1.97562676293
1.97492938825
1.97422234891
1.97350565468
1.9727793156
1.97204334196
1.97129774432
1.97054253358
1.96977771865
1.96900330841
1.96821931318
1.96742574347
1.96662260998
1.96580992361
1.96498769551
1.96415593704
1.96331465985
1.96246387585
1.9616035973
1.960733835
1.95985459886
1.95896590061
1.95806775217
1.95716016566
1.9562431534
1.95531672797
1.95438090218
1.95343568913
1.95248110221
1.95151715512
1.95054386037
1.94956122852
1.94856927254
1.94756800568
1.94655744137
1.94553759325
1.94450847521
1.94347010139
1.94242248619
1.94136564433
1.94029959085
1.93922433999
1.93813990333
1.93704629501
1.93594352956
1.9348316217
1.93371058636
1.93258043871
1.93144119417
1.93029286843
1.92913547749
1.92796903766
1.92679356484
1.92560907176
1.92441557363
1.92321308623
1.92200162558
1.92078120788
1.9195518496
1.91831356745
1.91706637841
1.91581029978
1.91454534918
1.91327154409
1.91198889828
1.9106974278
1.90939714965
1.90808808103
1.90677023934
1.90544364224
1.90410830764
1.90276425371
1.90141149894
1.90005006214
1.89867996225
1.89730121443
1.89591383547
1.89451784352
1.89311325696
1.89170009435
1.8902783745
1.88884811646
1.88740933958
1.8859620635
1.88450630818
1.88304209385
1.88156943749
1.88008835667
1.87859887077
1.87710099938
1.87559476231
1.87408017959
1.87255727152
1.87102605868
1.86948656195
1.86793880253
1.86638280198
1.86481857825
1.86324614854
1.86166553311
1.86007675238
1.85847982697
1.85687477774
1.8552616258
1.85364039252
1.8520110996
1.85037376903
1.84872842318
1.84707508236
1.84541376496
1.84374449234
1.84206728605
1.84038216787
1.83868915982
1.83698828413
1.83527956335
1.8335630203
1.83183867813
1.83010656035
1.82836668876
1.82661908171
1.82486376134
1.82310075014
1.8213300708
1.81955174624
1.8177657996
1.81597225433
1.81417113413
1.81236246307
1.81054626554
1.8087225649
1.80689138021
1.80505273428
1.80320665049
1.80135315243
1.79949226389
1.79762400893
1.79574841187
1.79386549731
1.79197529019
1.79007781579
1.78817309885
1.78626115915
1.78434201996
1.78241570547
1.78048224011
1.77854164848
1.77659395546
1.77463918616
1.77267736599
1.7707085207
1.76873267636
1.76674985898
1.76476009023
1.76276339422
1.76075979626
1.75874932134
1.75673199475
1.75470784181
1.75267688768
1.75063915767
1.74859467719
1.74654347172
1.74448556677
1.74242098797
1.74034976105
1.73827191189
1.73618746615
1.73409644965
1.73199888838
1.72989480847
1.72778423588
1.72566719662
1.72354371689
1.72141382305
1.71927754138
1.71713489807
1.71498591954
1.71283063234
1.71066906307
1.70850123811
1.70632718408
1.70414692772
1.70196049589
1.6997679152
1.69756921244
1.69536441453
1.69315354854
1.69093664138
1.68871372001
1.68648481158
1.68424994338
1.68200914259
1.67976243623
1.67750985163
1.67525141619
1.67298715735
1.67071710235
1.66844127868
1.66615971392
1.66387243577
1.66157947162
1.6592808491
1.65697659596
1.65466674006
1.65235130904
1.65003033063
1.64770383273
1.64537184337
1.64303439044
1.64069150176
1.63834320537
1.63598952943
1.63363050207
1.63126615123
1.62889650507
1.62652159188
1.62414143999
1.62175607748
1.61936553261
1.61696983379
1.61456900953
1.61216308806
1.60975209774
1.60733606709
1.60491502473
1.60248899911
1.60005801865
1.59762211198
1.59518130781
1.5927356348
1.59028512144
1.58782979644
1.5853696886
1.58290482678
1.58043523953
1.57796095564
1.57548200401
1.57299841361
1.57051021314
1.56801743142
1.56552009744
1.56301824025
1.56051188872
1.5580010717
1.55548581824
1.55296615747
1.55044211843
1.54791372998
1.54538102124
1.54284402137
1.54030275958
1.53775726477
1.53520756609
1.53265369276
1.53009567408
1.52753353905
1.52496731682
1.52239703666
1.51982272793
1.51724441978
1.51466214138
1.51207592206
1.50948579104
1.50689177757
1.50429391101
1.50169222058
1.4990867356
1.49647748541
1.49386449929
1.49124780657
1.48862743662
1.48600341872
1.48337578224
1.48074455656
1.47810977098
1.47547145487
1.47282963763
1.47018434857
1.46753561708
1.46488347255
1.46222794429
1.45956906172
1.45690685422
1.45424135111
1.45157258181
1.44890057567
1.44622536203
1.44354697031
1.44086542984
1.43818076998
1.4354930201
1.43280220956
1.43010836768
1.42741152384
1.42471170735
1.42200894754
1.41930327377
1.41659471534
1.41388330154
1.41116906173
1.40845202515
1.40573222111
1.40300967891
1.40028442778
1.39755649699
1.39482591582
1.39209271346
1.38935691915
1.38661856214
1.38387767158
1.38113427667
1.37838840662
1.37564009054
1.37288935759
1.37013623694
1.36738075765
1.36462294885
1.36186283964
1.35910045904
1.35633583614
1.35356899997
1.35079997951
1.3480288038
1.3452555018
1.34248010244
1.33970263471
1.3369231275
1.33414160968
1.33135811019
1.32857265784
1.32578528146
1.3229960099
1.3202048719
1.31741189623
1.31461711168
1.31182054692
1.30902223063
1.30622219153
1.30342045822
1.30061705931
1.29781202344
1.29500537912
1.29219715489
1.28938737931
1.28657608081
1.28376328787
1.28094902888
1.27813333227
1.27531622638
1.27249773955
1.26967790008
1.26685673625
1.26403427629
1.26121054843
1.25838558084
1.25555940166
1.25273203901
1.24990352097
1.24707387558
1.24424313086
1.24141131479
1.23857845531
1.23574458033
1.23290971772
1.23007389532
1.22723714094
1.22439948233
1.22156094723
1.21872156332
1.21588135827
1.21304035968
1.21019859513
1.20735609215
1.20451287826
1.2016689809
1.19882442749
1.19597924542
1.19313346202
1.19028710458
1.18744020038
1.18459277661
1.18174486046
1.17889647904
1.17604765947
1.17319842876
1.17034881393
1.16749884193
1.16464853968
1.16179793405
1.15894705186
1.15609591988
1.15324456486
1.15039301347
1.14754129238
1.14468942816
1.14183744737
1.13898537651
1.13613324204
1.13328107035
1.13042888783
1.12757672077
1.12472459544
1.12187253804
1.11902057476
1.11616873169
1.11331703491
1.11046551043
1.10761418422
1.10476308219
1.1019122302
1.09906165407
1.09621137956
1.09336143238
1.09051183818
1.08766262256
1.08481381109
1.08196542925
1.0791175025
1.07627005622
1.07342311576
1.0705767064
1.06773085337
1.06488558183
1.06204091693
1.05919688371
1.05635350719
1.05351081232
1.05066882401
1.04782756709
1.04498706636
1.04214734653
1.03930843228
1.03647034823
1.03363311893
1.03079676889
1.02796132255
1.02512680428
1.02229323843
1.01946064924
1.01662906094
1.01379849767
1.01096898351
1.00814054251
1.00531319863
1.00248697578
0.999661897815
0.996837988519
0.994015271623
0.991193770796
0.988373509646
0.985554511717
0.982736800495
0.979920399402
0.977105331799
0.974291620984
0.971479290194
0.968668362602
0.96585886132
0.963050809395
0.960244229813
0.957439145495
0.954635579299
0.95183355402
0.949033092388
0.94623421707
0.943436950667
0.940641315721
0.937847334704
0.935055030021
0.932264424016
0.929475538968
0.92668839709
0.923903020529
0.921119431365
0.918337651618
0.915557703235
0.9127796081
0.910003388031
0.90722906478
0.904456660029
0.901686195397
0.898917692434
0.896151172627
0.89338665739
0.89062416807
0.887863725952
0.885105352249
0.882349068106
0.8795948946
0.876842852742
0.874092963474
0.871345247674
0.86859972614
0.865856419612
0.863115348757
0.860376534174
0.85763999639
0.85490575587
0.852173833003
0.849444248114
0.846717021451
0.843992173199
0.841269723474
0.838549692316
0.835832099697
0.833116965523
0.830404309633
0.827694151783
0.824986511669
0.822281408911
0.819578863064
0.816878893608
0.814181519952
0.811486761439
0.808794637336
0.806105166839
0.803418369078
0.800734263106
0.798052867909
0.7953742024
0.79269828542
0.790025135738
0.787354772054
0.784687212993
0.782022477114
0.779360582897
0.776701548754
0.774045393025
0.771392133977
0.768741789806
0.766094378633
0.763449918513
0.760808427423
0.758169923268
0.755534423883
0.752901947031
0.7502725104
0.747646131606
0.745022828195
0.742402617637
0.739785517331
0.737171544603
0.734560716707
0.731953050823
0.729348564058
0.726747273448
0.724149195954
0.721554348464
0.718962747796
0.716374410691
0.713789353819
0.711207593778
0.708629147089
0.706054030205
0.703482259502
0.700913851284
0.698348821782
0.695787187153
0.693228963482
0.690674166781
0.688122812986
0.685574917962
0.6830304975
0.680489567319
0.677952143062
0.675418240302
0.672887874535
0.670361061186
0.667837815607
0.665318153074
0.662802088794
0.660289637896
0.657780815438
0.655275636405
0.652774115708
0.650276268184
0.647782108597
0.64529165164
0.642804911929
0.640321904009
0.63784264235
0.635367141352
0.632895415338
0.63042747856
0.627963345196
0.625503029351
0.623046545057
0.620593906272
0.618145126882
0.615700220699
0.613259201463
0.610822082839
0.608388878422
0.605959601732
0.603534266214
0.601112885246
0.598695472126
0.596282040085
0.593872602278
0.591467171788
0.589065761626
0.586668384729
0.584275053962
0.581885782117
0.579500581914
0.577119466002
0.574742446953
0.572369537271
0.570000749385
0.567636095655
0.565275588364
0.562919239725
0.56056706188
0.558219066899
0.555875266777
0.553535673439
0.551200298738
0.548869154456
0.546542252301
0.54421960391
0.541901220851
0.539587114616
0.537277296628
0.534971778237
0.532670570725
0.530373685298
0.528081133094
0.525792925178
0.523509072544
0.521229586117
0.518954476748
0.516683755219
0.51441743224
0.512155518451
0.509898024421
0.507644960649
0.505396337562
0.503152165518
0.500912454804
0.498677215635
0.496446458159
0.494220192453
0.491998428521
0.489781176301
0.487568445657
0.485360246389
0.48315658822
0.480957480809
0.478762933744
0.476572956543
0.474387558654
0.472206749455
0.47003053826
0.467858934308
0.465691946771
0.463529584752
0.461371857288
0.459218773343
0.457070341813
0.454926571529
0.45278747125
0.450653049669
0.448523315408
0.446398277025
0.444277943006
0.442162321771
0.440051421673
0.437945250995
0.435843817954
0.433747130701
0.431655197315
0.429568025812
0.427485624139
0.425408000178
0.42333516174
0.421267116572
0.419203872355
0.417145436704
0.415091817161
0.413043021209
0.410999056263
0.40895992967
0.406925648711
0.404896220601
0.402871652496
0.400851951474
0.398837124556
0.396827178695
0.394822120781
0.392821957634
0.390826696014
0.388836342612
0.386850904056
0.384870386909
0.38289479767
0.380924142773
0.378958428587
0.376997661417
0.375041847505
0.373090993027
0.371145104097
0.369204186763
0.367268247012
0.365337290766
0.363411323883
0.36149035216
0.359574381327
0.357663417056
0.355757464951
0.353856530556
0.351960619354
0.350069736762
0.348183888136
0.346303078771
0.344427313897
0.342556598684
0.34069093824
0.338830337612
0.336974801782
0.335124335677
0.333278944156
0.33143863202
0.329603404008
0.327773264798
0.325948219008
0.324128271196
0.322313425856
0.320503687426
0.31869906028
0.316899548735
0.315105157046
0.313315889407
0.311531749955
0.309752742766
0.307978871858
0.306210141186
0.30444655465
0.302688116088
0.300934829281
0.299186697949
0.297443725755
0.295705916303
0.29397327314
0.292245799752
0.290523499568
0.288806375961
0.287094432243
0.28538767167
0.28368609744
0.281989712695
0.280298520518
0.278612523934
0.276931725913
0.275256129367
0.273585737152
0.271920552066
0.270260576853
0.268605814199
0.266956266733
0.26531193703
0.263672827607
0.262038940926
0.260410279394
0.258786845362
0.257168641126
0.255555668926
0.253947930947
0.25234542932
0.250748166121
0.24915614337
0.247569363032
0.245987827022
0.244411537196
0.242840495359
0.241274703258
0.23971416259
0.238158874998
0.236608842069
0.235064065338
0.233524546288
0.231990286347
0.23046128689
0.22893754924
0.227419074667
0.225905864388
0.224397919569
0.222895241321
0.221397830705
0.219905688729
0.218418816351
0.216937214473
0.215460883951
0.213989825584
0.212524040122
0.211063528265
0.209608290661
0.208158327906
0.206713640547
0.205274229078
0.203840093944
0.20241123554
0.20098765421
0.199569350246
0.198156323894
0.196748575349
0.195346104753
0.193948912202
0.192556997741
0.191170361365
0.189789003022
0.188412922609
0.187042119976
0.185676594921
0.184316347196
0.182961376504
0.1816116825
0.180267264788
0.178928122927
0.177594256428
0.176265664753
0.174942347314
0.173624303481
0.172311532572
0.171004033858
0.169701806564
0.168404849869
0.167113162901
0.165826744748
0.164545594444
0.163269710981
0.161999093304
0.160733740308
0.159473650847
0.158218823726
0.156969257705
0.155724951498
0.154485903773
0.153252113154
0.152023578217
0.150800297495
0.149582269474
0.148369492596
0.14716196526
0.145959685816
0.144762652573
0.143570863794
0.142384317696
0.141203012455
0.1400269462
0.138856117018
0.137690522952
0.136530161999
0.135375032115
0.134225131211
0.133080457155
0.131941007771
0.13080678084
0.129677774101
0.128553985248
0.127435411936
0.126322051773
0.125213902327
0.124110961123
0.123013225644
0.121920693328
0.120833361574
0.119751227739
0.118674289136
0.117602543038
0.116535986676
0.115474617239
0.114418431875
0.11336742769
0.112321601749
0.111280951078
0.110245472659
0.109215163435
0.108190020307
0.107170040137
0.106155219744
0.105145555909
0.104141045373
0.103141684833
0.102147470952
0.101158400347
0.100174469598
0.0991956752464
0.0982220137916
0.0972534816942
0.0962900753762
0.0953317912192
0.094378625566
0.0934305747212
0.0924876349491
0.0915498024754
0.0906170734877
0.0896894441337
0.0887669105233
0.0878494687285
0.0869371147817
0.0860298446778
0.0851276543733
0.0842305397864
0.0833384967976
0.0824515212495
0.0815696089468
0.0806927556567
0.0798209571091
0.0789542089959
0.0780925069718
0.0772358466543
0.0763842236232
0.0755376334222
0.0746960715574
0.0738595334979
0.0730280146764
0.0722015104887
0.0713800162937
0.0705635274143
0.0697520391368
0.0689455467107
0.0681440453502
0.0673475302326
0.0665559964995
0.0657694392565
0.0649878535732
0.0642112344834
0.0634395769854
0.0626728760418
0.0619111265796
0.0611543234906
0.0604024616314
0.0596555358228
0.0589135408509
0.0581764714664
0.0574443223852
0.0567170882884
0.0559947638222
0.055277343598
0.0545648221927
0.0538571941483
0.0531544539728
0.0524565961395
0.0517636150873
0.0510755052212
0.0503922609119
0.049713876496
0.0490403462762
0.0483716645211
0.0477078254655
0.0470488233107
0.0463946522241
0.0457453063395
0.0451007797574
0.0444610665449
0.0438261607353
0.0431960563289
0.042570747293
0.0419502275613
0.041334491035
0.0407235315817
0.0401173430367
0.0395159192019
0.038919253847
0.0383273407087
0.0377401734911
0.0371577458658
0.0365800514718
0.0360070839159
0.0354388367726
0.034875303584
0.0343164778599
0.0337623530784
0.0332129226851
0.0326681800938
0.0321281186865
0.0315927318132
0.0310620127921
0.03053595491
0.0300145514217
0.0294977955506
0.0289856804885
0.0284781993957
0.0279753454014
0.0274771116033
0.0269834910677
0.0264944768299
0.0260100618942
0.0255302392335
0.02505500179
0.0245843424747
0.0241182541681
0.0236567297194
0.0231997619475
0.0227473436404
0.0222994675553
0.0218561264191
0.0214173129282
0.0209830197483
0.0205532395149
0.0201279648331
0.0197071882777
0.0192909023933
0.0188790996945
0.0184717726653
0.0180689137603
0.0176705154037
0.0172765699898
0.016887069883
0.0165020074181
0.0161213748997
0.0157451646033
0.0153733687741
0.0150059796281
0.0146429893515
0.0142843901011
0.0139301740043
0.013580333159
0.0132348596339
0.0128937454681
0.0125569826718
0.0122245632259
0.0118964790819
0.0115727221625
0.0112532843614
0.0109381575431
0.0106273335432
0.0103208041685
0.0100185611968
0.00972059637721
0.00942690143018
0.00913746804727
0.00885228789149
0.00857135259723
0.00829465377032
0.00802218298808
0.00775393179935
0.00748989172454
0.00723005425574
0.00697441085672
0.00672295296289
0.00647567198149
0.00623255929152
0.00599360624388
0.0057588041614
0.00552814433876
0.00530161804269
0.00507921651192
0.00486093095731
0.00464675256182
0.00443667248053
0.00423068184076
0.00402877174207
0.00383093325634
0.0036371574278
0.00344743527294
0.00326175778079
0.00308011591284
0.00290250060302
0.00272890275782
0.00255931325632
0.00239372295023
0.00223212266398
0.00207450319464
0.00192085531205
0.00177116975882
0.00162543725044
0.00148364847527
0.00134579409453
0.00121186474243
0.00108185102613
0.000955743525901
0.000833532795048
0.000715209359953
0.000600763720174
0.00049018634844
0.000383467690758
0.000280598166387
0.000181568167849
8.63680610387e-05
-5.01181477196e-06
-9.2581146845e-05
-0.000176349649013
-0.000256327061629
-0.000332523151494
-0.000404947711827
-0.000473610562197
-0.000538521548558
-0.000599690543196
-0.000657127444624
-0.00071084217757
-0.000760844692995
-0.000807144968015
-0.000849753005867
-0.000888678835835
-0.000923932513244
-0.000955524119454
-0.000983463761785
-0.0010077615735
-0.00102842771369
-0.00104547236732
-0.00105890574522
-0.00106873808396
-0.00107497964585
-0.00107764071889
-0.00107673161673
-0.00107226267869
-0.00106424426966
-0.00105268678006
-0.00103760062582
-0.00101899624834
-0.000996884114478
-0.000971274716483
-0.000942178571954
-0.000909606223773
-0.000873568240137
-0.0008340752145
-0.000791137765503
-0.000744766536951
-0.000694972197741
-0.000641765441895
-0.000585156988501
-0.000525157581613
-0.000461777990245
-0.000395029008376
-0.000324921454874
-0.000251466173459
-0.00017467403263
-9.45559256615e-05
-1.11227705895e-05
7.56144898709e-05
0.000165644888343
0.000258957432876
0.000355541106947
0.000455384869462
0.000558477654862
0.00066480837313
0.000774365909883
0.000887139126352
0.00100311685942
0.00112228792171
0.0012446411016
0.00137016516331
0.00149884884687
0.00163068086819
0.00176564991913
0.0019037446675
0.00204495375719
0.00218926580811
0.00233666941625
0.00248715315378
0.00264070556908
0.00279731518675
0.00295697050768
0.00311966000907
0.00328537214448
0.00345409534396
0.00362581801399
0.00380052853754
0.00397821527412
0.00415886655994
0.00434247070778
0.00452901600714
0.00471849072428
0.0049108831022
0.00510618136081
0.00530437369695
0.00550544828429
0.00570939327356
0.00591619679251
0.00612584694599
0.00633833181598
0.00655363946167
0.00677175791945
0.00699267520305
0.00721637930358
0.00744285818948
0.00767209980665
0.00790409207852
0.00813882290602
0.00837628016778
0.00861645172008
0.00885932539683
0.00910488900982
0.00935313034862
0.00960403718066
0.00985759725138
0.0101137982841
0.0103726279804
0.0106340740198
0.01089812406
0.0111647657371
0.0114339866652
0.0117057744371
0.0119801166237
0.0122570007745
0.0125364144175
0.0128183450593
0.0131027801852
0.0133897072592
0.013679113724
0.0139709870013
0.0142653144915
0.014562083574
0.0148612816074
0.0151628959292
0.0154669138562
0.0157733226845
0.0160821096892
0.0163932621251
0.0167067672261
0.0170226122059
0.0173407842576
0.017661270554
0.0179840582477
0.0183091344708
0.0186364863356
0.018966100934
0.0192979653381
0.0196320665999
0.0199683917518
0.0203069278061
0.0206476617557
0.0209905805737
0.0213356712136
0.0216829206095
0.0220323156761
0.0223838433086
0.0227374903832
0.0230932437568
0.023451090267
0.023811016733
0.0241730099546
0.0245370567127
0.0249031437697
0.025271257869
0.0256413857356
0.0260135140761
0.0263876295786
0.0267637189125
0.0271417687296
0.0275217656628
0.0279036963274
0.0282875473205
0.0286733052213
0.0290609565914
0.0294504879746
0.0298418858968
0.0302351368665
0.0306302273749
0.0310271438954
0.0314258728847
0.031826400782
0.0322287140093
0.032632798972
0.0330386420585
0.03344622964
0.0338555480715
0.0342665836913
0.0346793228208
0.0350937517656
0.0355098568147
0.0359276242409
0.036347040301
0.0367680912359
0.0371907632702
0.0376150426133
0.0380409154586
0.0384683679837
0.0388973863513
0.0393279567086
0.0397600651871
0.0401936979038
0.0406288409602
0.0410654804431
0.0415036024243
0.0419431929613
0.0423842380967
0.0428267238588
0.0432706362615
0.0437159613045
0.0441626849733
0.0446107932394
0.0450602720604
0.0455111073806
0.04596328513
0.0464167912256
0.0468716115707
0.0473277320552
0.0477851385562
0.0482438169377
0.0487037530505
0.0491649327329
0.0496273418109
0.0500909660971
0.0505557913926
0.0510218034857
0.0514889881524
0.0519573311572
0.0524268182526
0.0528974351789
0.0533691676656
0.0538420014302
0.0543159221789
0.0547909156067
0.0552669673978
0.0557440632249
0.0562221887506
0.0567013296266
0.0571814714938
0.0576625999831
0.058144700715
0.0586277592999
0.0591117613383
0.0595966924209
0.0600825381287
0.0605692840336
0.0610569156978
0.061545418674
0.0620347785064
0.0625249807301
0.063016010871
0.0635078544473
0.0640004969681
0.0644939239343
0.0649881208388
0.0654830731665
0.0659787663941
0.0664751859912
0.0669723174194
0.0674701461333
0.0679686575804
0.0684678372006
0.0689676704275
0.0694681426877
0.0699692394013
0.070470945982
0.0709732478374
0.0714761303688
0.0719795789721
0.0724835790372
0.0729881159482
0.0734931750844
0.0739987418195
0.0745048015219
0.0750113395561
0.0755183412809
0.0760257920512
0.0765336772173
0.0770419821257
0.0775506921183
0.0780597925338
0.078569268707
0.0790791059693
0.0795892896489
0.0800998050711
0.0806106375579
0.0811217724289
0.0816331950011
0.0821448905889
0.0826568445053
0.0831690420603
0.0836814685629
0.0841941093206
0.0847069496391
0.0852199748231
0.0857331701764
0.0862465210011
0.0867600126
0.0872736302748
0.087787359327
0.0883011850581
0.0888150927702
0.0893290677649
0.0898430953451
0.0903571608142
0.0908712494764
0.0913853466375
0.091899437605
0.0924135076868
0.0929275421937
0.0934415264379
0.0939554457337
0.0944692853984
0.0949830307517
0.0954966671157
0.0960101798163
0.0965235541822
0.0970367755455
0.0975498292422
0.0980627006121
0.098575374999
0.0990878377516
0.0996000742228
0.10011206977
0.100623809756
0.101135279548
0.10164646452
0.102157350051
0.102667921525
0.103178164333
0.103688063873
0.104197605548
0.10470677477
0.105215556955
0.105723937529
0.106231901923
0.106739435578
0.107246523942
0.10775315247
0.108259306628
0.108764971888
0.109270133732
0.109774777652
0.110278889148
0.110782453729
0.111285456916
0.111787884239
0.112289721237
0.112790953462
0.113291566475
0.113791545848
0.114290877165
0.114789546022
0.115287538024
0.115784838793
0.116281433958
0.116777309163
0.117272450065
0.117766842333
0.118260471651
0.118753323714
0.119245384231
0.119736638928
0.120227073543
0.120716673828
0.121205425551
0.121693314494
0.122180326454
0.122666447247
0.123151662699
0.123635958657
0.124119320983
0.124601735553
0.125083188263
0.125563665025
0.126043151768
0.126521634439
0.126999099003
0.127475531444
0.127950917761
0.128425243978
0.12889849613
0.129370660277
0.129841722497
0.130311668888
0.130780485566
0.131248158671
0.13171467436
0.132180018813
0.13264417823
0.133107138833
0.133568886865
0.134029408593
0.134488690304
0.134946718308
0.135403478939
0.135858958552
0.136313143527
0.136766020268
0.1372175752
0.137667794775
0.13811666547
0.138564173784
0.139010306243
0.139455049399
0.139898389827
0.140340314128
0.140780808933
0.141219860894
0.141657456696
0.142093583047
0.142528226682
0.142961374366
0.143393012889
0.143823129072
0.144251709763
0.14467874184
0.145104212209
0.145528107805
0.145950415594
0.14637112257
0.14679021576
0.147207682218
0.147623509032
0.148037683321
0.148450192234
0.148861022952
0.149270162689
0.149677598691
0.150083318233
0.150487308629
0.150889557223
0.151290051392
0.151688778549
0.152085726142
0.152480881647
0.152874232584
0.153265766499
0.153655470979
0.154043333646
0.154429342157
0.154813484205
0.155195747521
0.155576119871
0.155954589059
0.156331142928
0.156705769355
0.157078456259
0.157449191598
0.157817963364
0.158184759592
0.158549568356
0.158912377767
0.159273175978
0.159631951182
0.159988691613
0.160343385546
0.160696021297
0.161046587222
0.16139507172
0.161741463235
0.162085750247
0.162427921283
0.162767964915
0.163105869754
0.163441624456
0.163775217725
0.164106638304
0.164435874982
0.164762916595
0.165087752022
0.165410370189
0.165730760069
0.166048910678
0.166364811081
0.166678450389
0.16698981776
0.1672989024
0.167605693563
0.16791018055
0.168212352713
0.16851219945
0.168809710209
0.169104874489
0.169397681836
0.169688121846
0.169976184169
0.170261858503
0.170545134596
0.170826002251
0.171104451319
0.171380471703
0.171654053362
0.171925186303
0.172193860588
0.172460066334
0.172723793709
0.172985032936
0.173243774291
0.173500008107
0.173753724767
0.174004914716
0.174253568447
0.174499676515
0.174743229528
0.174984218151
0.175222633107
0.175458465174
0.175691705186
0.17592234404
0.176150372685
0.176375782133
0.176598563453
0.176818707772
0.177036206276
0.177251050213
0.177463230888
0.177672739668
0.177879567981
0.178083707316
0.17828514922
0.178483885306
0.178679907244
0.178873206769
0.179063775679
0.179251605833
0.179436689154
0.179619017628
0.179798583306
0.1799753783
0.180149394788
0.180320625015
0.180489061285
0.180654695974
0.180817521518
0.180977530423
0.181134715258
0.181289068662
0.181440583337
0.181589252053
0.18173506765
0.181878023033
0.182018111176
0.182155325121
0.182289657979
0.18242110293
0.182549653223
0.182675302175
0.182798043177
0.182917869685
0.183034775229
0.18314875341
0.183259797897
0.183367902433
0.183473060832
0.183575266979
0.183674514833
0.183770798424
0.183864111856
0.183954449305
0.184041805021
0.184126173329
0.184207548625
0.184285925382
0.184361298147
0.184433661541
0.184503010262
0.184569339082
0.184632642849
0.184692916488
0.184750154998
0.184804353458
0.18485550702
0.184903610918
0.184948660459
0.184990651031
0.185029578099
0.185065437205
0.185098223973
0.1851279341
0.185154563369
0.185178107639
0.185198562848
0.185215925016
0.185230190243
0.185241354707
0.185249414671
0.185254366476
0.185256206545
0.185254931384
0.18525053758
0.185243021802
0.185232380802
0.185218611412
0.185201710552
0.185181675221
0.185158502504
0.185132189569
0.185102733667
0.185070132134
0.185034382391
0.184995481944
0.184953428382
0.184908219382
0.184859852705
0.184808326198
0.184753637795
0.184695785514
0.184634767461
0.184570581829
0.184503226899
0.184432701036
0.184359002695
0.18428213042
0.184202082838
0.18411885867
0.184032456721
0.183942875887
0.183850115153
0.183754173591
0.183655050364
0.183552744725
0.183447256016
0.183338583669
0.183226727206
0.18311168624
0.182993460473
0.182872049702
0.18274745381
0.182619672775
0.182488706665
0.182354555639
0.182217219949
0.182076699939
0.181932996045
0.181786108796
0.181636038814
0.181482786812
0.181326353598
0.181166740073
0.18100394723
0.180837976158
0.180668828039
0.180496504148
0.180321005854
0.180142334623
0.179960492013
0.179775479678
0.179587299366
0.179395952921
0.179201442282
0.179003769484
0.178802936656
0.178598946023
0.178391799908
0.178181500728
0.177968050997
0.177751453326
0.17753171042
0.177308825083
0.177082800216
0.176853638816
0.176621343978
0.176385918892
0.176147366847
0.175905691231
0.175660895527
0.175412983316
0.17516195828
0.174907824196
0.174650584939
0.174390244484
0.174126806904
0.173860276368
0.173590657148
0.173317953612
0.173042170226
0.172763311558
0.172481382271
0.17219638713
0.171908331
0.171617218841
0.171323055717
0.17102584679
0.17072559732
0.170422312669
0.170115998298
0.169806659765
0.169494302733
0.16917893296
0.168860556308
0.168539178737
0.168214806307
0.167887445179
0.167557101614
0.167223781972
0.166887492715
0.166548240406
0.166206031708
0.165860873381
0.165512772291
0.165161735402
0.164807769777
0.164450882582
0.164091081083
0.163728372646
0.163362764737
0.162994264927
0.162622880882
0.162248620373
0.161871491268
0.161491501539
0.161108659256
0.160722972593
0.160334449821
0.159943099315
0.159548929548
0.159151949096
0.158752166634
0.158349590938
0.157944230884
0.157536095451
0.157125193715
0.156711534856
0.156295128152
0.155875982981
0.155454108824
0.155029515259
0.154602211967
0.154172208728
0.153739515423
0.153304142031
0.152866098633
0.15242539541
0.151982042641
0.151536050705
0.151087430082
0.150636191351
0.150182345191
0.149725902379
0.149266873793
0.148805270409
0.148341103302
0.147874383646
0.147405122714
0.146933331879
0.14645902261
0.145982206476
0.145502895146
0.145021100383
0.144536834052
0.144050108114
0.143560934628
0.143069325751
0.142575293737
0.142078850938
0.141580009802
0.141078782876
0.140575182801
0.140069222316
0.139560914258
0.139050271557
0.138537307242
0.138022034438
0.137504466362
0.136984616331
0.136462497755
0.135938124138
0.13541150908
0.134882666278
0.134351609519
0.133818352689
0.133282909763
0.132745294814
0.132205522006
0.131663605598
0.131119559939
0.130573399475
0.13002513874
0.129474792365
0.128922375069
0.128367901666
0.127811387057
0.127252846239
0.126692294296
0.126129746407
0.125565217836
0.124998723942
0.12443028017
0.123859902058
0.123287605228
0.122713405396
0.122137318364
0.121559360021
0.120979546348
0.120397893408
0.119814417357
0.119229134432
0.118642060961
0.118053213356
0.117462608115
0.116870261823
0.116276191148
0.115680412843
0.115082943747
0.114483800781
0.113883000951
0.113280561345
0.112676499135
0.112070831574
0.111463575999
0.110854749828
0.110244370558
0.10963245577
0.109019023123
0.108404090356
0.10778767529
0.107169795823
0.106550469932
0.105929715672
0.105307551178
0.104683994658
0.104059064401
0.103432778771
0.102805156206
0.102176215223
0.101545974412
0.100914452437
0.100281668038
0.0996476400274
0.0990123872894
0.0983759287832
0.0977382835384
0.0970994706572
0.0964595093126
0.0958184187478
0.0951762182761
0.094532927281
0.0938885652137
0.0932431515948
0.0925967060125
0.0919492481223
0.0913007976467
0.0906513743751
0.0900009981612
0.089349688925
0.0886974666506
0.0880443513854
0.0873903632415
0.0867355223934
0.0860798490774
0.0854233635921
0.0847660862973
0.0841080376119
0.0834492380163
0.0827897080494
0.0821294683085
0.0814685394497
0.0808069421865
0.080144697288
0.0794818255809
0.0788183479464
0.0781542853205
0.0774896586942
0.0768244891117
0.0761587976698
0.0754926055184
0.0748259338581
0.0741588039407
0.0734912370687
0.0728232545932
0.072154877915
0.0714861284827
0.0708170277927
0.0701475973878
0.0694778588577
0.0688078338366
0.0681375440037
0.0674670110825
0.0667962568392
0.0661253030825
0.065454171664
0.064782884475
0.0641114634478
0.0634399305544
0.0627683078053
0.0620966172488
0.0614248809715
0.0607531210957
0.0600813597799
0.0594096192178
0.0587379216371
0.0580662892989
0.0573947444975
0.0567233095584
0.0560520068388
0.0553808587262
0.0547098876375
0.0540391160184
0.0533685663426
0.0526982611105
0.0520282228495
0.0513584741122
0.0506890374754
0.0500199355406
0.0493511909319
0.0486828262953
0.0480148642987
0.0473473276301
0.0466802389971
0.0460136211264
0.0453474967624
0.0446818886667
0.0440168196171
0.0433523124068
0.0426883898434
0.0420250747481
0.0413623899548
0.0407003583093
0.0400390026683
0.0393783458988
0.0387184108766
0.038059220486
0.0374007976188
0.0367431651728
0.0360863460519
0.0354303631643
0.0347752394221
0.0341209977402
0.0334676610353
0.0328152522252
0.0321637942277
0.0315133099594
0.0308638223356
0.0302153542684
0.0295679286664
0.0289215684334
0.0282762964679
0.0276321356614
0.0269891088982
0.0263472390541
0.0257065489951
0.0250670615771
0.0244287996447
0.02379178603
0.0231560435517
0.0225215950146
0.0218884632076
0.0212566709038
0.020626240859
0.0199971958105
0.0193695584766
0.0187433515555
0.0181185977239
0.0174953196364
0.0168735399242
0.0162532811946
0.0156345660293
0.0150174169841
0.0144018565873
0.013787907339
0.01317559171
0.0125649321408
0.0119559510405
0.011348670786
0.0107431137205
0.0101393021531
0.00953725835724
0.00893700457006
0.00833856299106
0.00774195578113
0.00714720506165
0.00655433291337
0.00596336137531
0.00537431244376
0.00478720807132
0.00420207016564
0.0036189205886
0.00303778115509
0.00245867363202
0.00188161973726
0.00130664113863
0.000733759452767
0.000162996244097
-0.000405626976257
-0.000972088751485
-0.00153636768018
-0.00209844241739
-0.00265829167573
-0.00321589422642
-0.00377122890036
-0.00432427458914
-0.00487501024623
-0.00542341488794
-0.00596946759458
-0.00651314751146
-0.00705443385002
-0.00759330588884
-0.00812974297489
-0.00866372452436
-0.00919523002388
-0.00972423903162
-0.0102507311782
-0.0107746861681
-0.0112960837804
-0.0118149038699
-0.0123311263685
-0.0128447312861
-0.0133556987113
-0.0138640088132
-0.0143696418419
-0.01487257813
-0.0153727980932
-0.0158702822321
-0.0163650111324
-0.0168569654665
-0.0173461259948
-0.0178324735661
-0.0183159891192
-0.0187966536841
-0.0192744483823
-0.0197493544289
-0.020221353133
-0.0206904258987
-0.0211565542269
-0.0216197197155
-0.022079904061
-0.0225370890596
-0.0229912566079
-0.0234423887044
-0.0238904674502
-0.0243354750504
-0.0247773938148
-0.0252162061594
-0.025651894607
-0.0260844417886
-0.0265138304446
-0.0269400434254
-0.0273630636925
-0.0277828743203
-0.0281994584959
-0.0286127995214
-0.0290228808143
-0.0294296859084
-0.0298331984553
-0.0302334022254
-0.0306302811089
-0.0310238191161
-0.0314140003799
-0.0318008091553
-0.0321842298215
-0.0325642468828
-0.032940844969
-0.0333140088372
-0.0336837233724
-0.0340499735885
-0.0344127446296
-0.0347720217706
-0.0351277904186
-0.0354800361137
-0.0358287445307
-0.0361739014784
-0.0365154929026
-0.0368535048858
-0.0371879236484
-0.0375187355504
-0.0378459270915
-0.0381694849125
-0.0384893957964
-0.0388056466693
-0.039118224601
-0.0394271168064
-0.0397323106465
-0.0400337936288
-0.0403315534093
-0.0406255777925
-0.0409158547322
-0.0412023723339
-0.0414851188542
-0.0417640827024
-0.0420392524412
-0.0423106167882
-0.0425781646155
-0.0428418849529
-0.0431017669864
-0.0433578000605
-0.043609973679
-0.0438582775054
-0.0441027013637
-0.0443432352405
-0.0445798692844
-0.0448125938078
-0.045041399288
-0.045266276367
-0.0454872158528
-0.0457042087212
-0.0459172461152
-0.0461263193464
-0.0463314198971
-0.0465325394189
-0.046729669735
-0.0469228028412
-0.0471119309055
-0.0472970462697
-0.0474781414508
-0.0476552091404
-0.0478282422067
-0.0479972336951
-0.0481621768282
-0.0483230650071
-0.0484798918129
-0.0486326510061
-0.048781336528
-0.048925942502
-0.0490664632334
-0.0492028932104
-0.0493352271061
-0.0494634597769
-0.0495875862652
-0.0497076017992
-0.0498235017932
-0.0499352818497
-0.050042937759
-0.0501464654999
-0.050245861241
-0.0503411213415
-0.0504322423501
-0.0505192210078
-0.0506020542478
-0.0506807391953
-0.0507552731694
-0.0508256536838
-0.0508918784455
-0.0509539453577
-0.0510118525189
-0.0510655982241
-0.0511151809653
-0.0511605994324
-0.0512018525129
-0.0512389392939
-0.0512718590609
-0.0513006112996
-0.0513251956959
-0.0513456121369
-0.0513618607104
-0.0513739417069
-0.0513818556187
-0.0513856031412
-0.0513851851736
-0.0513806028188
-0.0513718573834
-0.0513589503795
-0.0513418835243
-0.0513206587399
-0.0512952781559
-0.0512657441073
-0.0512320591365
-0.0511942259932
-0.0511522476351
-0.051106127227
-0.0510558681435
-0.051001473967
-0.0509429484898
-0.0508802957136
-0.0508135198502
-0.0507426253208
-0.0506676167582
-0.050588499005
-0.0505052771156
-0.0504179563556
-0.0503265422025
-0.0502310403453
-0.0501314566859
-0.050027797338
-0.0499200686282
-0.0498082770964
-0.0496924294948
-0.0495725327896
-0.0494485941605
-0.0493206210005
-0.0491886209168
-0.0490526017308
-0.0489125714776
-0.048768538407
-0.048620510983
-0.0484684978842
-0.048312508004
-0.048152550451
-0.0479886345478
-0.0478207698325
-0.047648966058
-0.0474732331921
-0.047293581418
-0.0471100211339
-0.0469225629528
-0.0467312177035
-0.0465359964297
-0.0463369103898
-0.0461339710577
-0.0459271901223
-0.0457165794872
-0.0455021512715
-0.0452839178087
-0.0450618916473
-0.0448360855504
-0.0446065124957
-0.0443731856751
-0.0441361184953
-0.0438953245768
-0.0436508177541
-0.0434026120761
-0.0431507218048
-0.0428951614159
-0.0426359455982
-0.042373089254
-0.0421066074978
-0.0418365156573
-0.0415628292721
-0.0412855640941
-0.041004736087
-0.0407203614263
-0.040432456498
-0.0401410378997
-0.0398461224392
-0.0395477271346
-0.039245869214
-0.0389405661149
-0.0386318354841
-0.0383196951773
-0.0380041632583
-0.0376852579988
-0.0373629978785
-0.0370374015836
-0.0367084880075
-0.0363762762497
-0.0360407856152
-0.0357020356144
-0.0353600459626
-0.0350148365789
-0.0346664275864
-0.0343148393114
-0.0339600922828
-0.0336022072314
-0.0332412050902
-0.032877106992
-0.0325099342707
-0.0321397084599
-0.0317664512918
-0.0313901846974
-0.0310109308055
-0.030628711942
-0.0302435506291
-0.0298554695852
-0.0294644917233
-0.0290706401511
-0.0286739381699
-0.0282744092736
-0.0278720771487
-0.0274669656729
-0.0270590989146
-0.0266485011319
-0.0262351967721
-0.0258192104706
-0.0254005670503
-0.0249792915207
-0.0245554090768
-0.0241289450988
-0.0236999251507
-0.0232683749796
-0.0228343205148
-0.022397787867
-0.0219588033269
-0.0215173933651
-0.0210735846304
-0.0206274039493
-0.0201788783246
-0.0197280349348
-0.0192749011329
-0.0188195044456
-0.0183618725719
-0.0179020333823
-0.0174400149181
-0.0169758453894
-0.0165095531751
-0.016041166821
-0.0155707150393
-0.0150982267068
-0.0146237308647
-0.0141472567164
-0.0136688336275
-0.0131884911236
-0.0127062588898
-0.0122221667692
-0.0117362447619
-0.0112485230236
-0.0107590318646
-0.0102678017483
-0.00977486329019
-0.00928024725659
-0.00878398456323
-0.00828610627402
-0.00778664359989
-0.00728562789733
-0.0067830906672
-0.0062790635533
-0.00577357834115
-0.0052666669565
-0.00475836146412
-0.00424869406634
-0.00373769710166
-0.00322540304344
-0.00271184449843
-0.00219705420538
-0.0016810650336
-0.00116390998153
-0.000645622175302
-0.000126234867282
0.000394218565433
0.000915704622482
0.00143818968169
0.00196164000059
0.00248602171795
0.00301130085533
0.00353744331859
0.00406441489937
0.0045921812767
0.0051207080186
0.00564996058357
0.00617990432236
0.0067105044793
0.00724172619407
0.00777353450331
0.00830589434221
0.00883877054619
0.0093721278525
0.00990593090186
0.0104401442402
0.0109747323204
0.0115096595037
0.0120448900616
0.0125803881777
0.013116117949
0.0136520433882
0.0141881284248
0.0147243369073
0.0152606326049
0.0157969792088
0.0163333403348
0.0168696795242
0.0174059602464
0.0179421458998
0.0184781998146
0.0190140852539
0.0195497654157
0.0200852034349
0.0206203623848
0.0211552052792
0.0216896950743
0.0222237946705
0.0227574669141
0.0232906745995
0.0238233804709
0.0243555472239
0.024887137508
0.0254181139282
0.0259484390466
0.0264780753854
0.0270069854273
0.0275351316185
0.0280624763706
0.0285889820621
0.0291146110404
0.0296393256245
0.0301630881057
0.030685860751
0.0312076058042
0.031728285488
0.0322478620058
0.0327662975445
0.0332835542757
0.033799594358
0.0343143799394
0.0348278731586
0.0353400361475
0.0358508310331
0.0363602199398
0.0368681649911
0.0373746283117
0.0378795720296
0.0383829582789
0.0388847492005
0.039384906945
0.0398833936749
0.0403801715662
0.0408752028107
0.0413684496185
0.0418598742192
0.0423494388649
0.042837105832
0.0433228374232
0.0438065959693
0.044288343832
0.0447680434057
0.0452456571194
0.0457211474396
0.0461944768712
0.0466656079607
0.047134503298
0.0476011255183
0.0480654373046
0.0485274013895
0.0489869805576
0.0494441376478
0.0498988355552
0.0503510372332
0.0508007056953
0.0512478040185
0.0516922953444
0.0521341428815
0.0525733099074
0.0530097597714
0.0534434558957
0.0538743617792
0.0543024409977
0.0547276572076
0.0551499741472
0.0555693556395
0.0559857655934
0.0563991680074
0.0568095269699
0.057216806663
0.0576209713643
0.0580219854482
0.0584198133887
0.0588144197618
0.059205769247
0.0595938266303
0.0599785568061
0.0603599247786
0.0607378956648
0.0611124346966
0.0614835072228
0.0618510787108
0.0622151147498
0.0625755810518
0.0629324434549
0.0632856679248
0.0636352205568
0.0639810675778
0.0643231753498
0.0646615103705
0.0649960392758
0.0653267288426
0.0656535459901
0.0659764577821
0.0662954314306
0.0666104342953
0.0669214338877
0.0672283978724
0.0675312940694
0.0678300904563
0.0681247551706
0.0684152565106
0.0687015629396
0.0689836430865
0.0692614657477
0.0695349998901
0.0698042146525
0.0700690793478
0.0703295634659
0.0705856366748
0.0708372688224
0.0710844299395
0.0713270902412
0.0715652201292
0.0717987901938
0.0720277712159
0.0722521341686
0.0724718502208
0.072686890737
0.0728972272805
0.0731028316151
0.0733036757077
0.0734997317295
0.0736909720581
0.0738773692796
0.0740588961907
0.0742355258005
0.074407231333
0.0745739862274
0.0747357641417
0.0748925389539
0.0750442847639
0.075190975896
0.0753325868998
0.0754690925523
0.0756004678609
0.0757266880641
0.0758477286331
0.0759635652749
0.0760741739328
0.0761795307891
0.0762796122673
0.0763743950325
0.076463855994
0.0765479723072
0.076626721375
0.0767000808502
0.0767680286363
0.0768305428901
0.0768876020227
0.0769391847023
0.0769852698545
0.077025836665
0.0770608645807
0.0770903333118
0.0771142228333
0.0771325133874
0.0771451854829
0.0771522198988
0.0771535976866
0.0771493001699
0.077139308946
0.0771236058895
0.0771021731516
0.0770749931629
0.0770420486359
0.077003322564
0.0769587982245
0.0769084591807
0.0768522892819
0.0767902726654
0.076722393759
0.0766486372803
0.0765689882409
0.0764834319459
0.0763919539952
0.0762945402854
0.0761911770118
0.0760818506676
0.0759665480491
0.0758452562529
0.0757179626795
0.0755846550342
0.0754453213285
0.07529994988
0.0751485293161
0.074991048573
0.0748274968981
0.0746578638516
0.0744821393067
0.07430031345
0.0741123767848
0.0739183201316
0.0737181346277
0.0735118117298
0.073299343215
0.0730807211808
0.0728559380479
0.0726249865604
0.0723878597855
0.0721445511167
0.0718950542733
0.0716393633018
0.0713774725773
0.0711093768039
0.0708350710153
0.0705545505776
0.0702678111874
0.0699748488745
0.0696756600022
0.0693702412682
0.0690585897051
0.0687407026832
0.0684165779076
0.0680862134218
0.067749607608
0.0674067591864
0.0670576672178
0.0667023311034
0.0663407505849
0.0659729257464
0.0655988570148
0.0652185451589
0.0648319912917
0.0644391968703
0.0640401636966
0.0636348939177
0.0632233900267
0.0628056548624
0.0623816916112
0.0619515038065
0.0615150953292
0.0610724704083
0.0606236336214
0.0601685898948
0.0597073445047
0.0592399030765
0.0587662715854
0.0582864563568
0.0578004640673
0.0573083017435
0.0568099767635
0.0563054968565
0.055794870103
0.0552781049359
0.0547552101397
0.0542261948502
0.0536910685561
0.0531498410978
0.0526025226681
0.0520491238127
0.0514896554294
0.0509241287679
0.0503525554312
0.0497749473746
0.0491913169051
0.0486016766831
0.0480060397203
0.047404419381
0.0467968293822
0.0461832837919
0.0455637970301
0.0449383838688
0.0443070594308
0.0436698391903
0.0430267389727
0.0423777749536
0.0417229636594
0.0410623219668
0.0403958671016
0.0397236166394
0.0390455885047
0.0383618009705
0.0376722726588
0.0369770225387
0.0362760699267
0.0355694344867
0.0348571362287
0.0341391955086
0.0334156330278
0.0326864698322
0.0319517273124
0.0312114272023
0.0304655915795
0.0297142428629
0.0289574038141
0.0281950975351
0.0274273474687
0.0266541773972
0.0258756114418
0.0250916740616
0.0243023900535
0.0235077845508
0.0227078830223
0.0219027112717
0.0210922954369
0.0202766619889
0.0194558377309
0.0186298497971
0.0177987256524
0.0169624930908
0.0161211802347
0.015274815534
0.0144234277648
0.0135670460284
0.0127056997503
0.0118394186792
0.0109682328856
0.010092172761
0.00921126901649
0.00832555268151
0.00743505510298
0.0065398079438
0.00563984318169
0.00473519310797
0.00382589032623
0.002911967751
0.00199345860649
0.00107039642525
0.000142815046721
-0.000789251384081
-0.00172576841797
-0.00266670130301
-0.00361201498597
-0.0045616741139
-0.00551564303547
-0.00647388580244
-0.00743636617135
-0.00840304760492
-0.00937389327375
-0.0103488660578
-0.011327928548
-0.0123110430477
-0.0132981715752
-0.014289275864
-0.0152843173656
-0.0162832572507
-0.0172860564108
-0.0182926754606
-0.0193030747396
-0.0203172143129
-0.021335053974
-0.0223565532465
-0.0233816713858
-0.0244103673806
-0.0254425999557
-0.0264783275726
-0.0275175084329
-0.0285601004792
-0.029606061397
-0.0306553486175
-0.0317079193185
-0.0327637304274
-0.033822738623
-0.0348849003373
-0.0359501717573
-0.0370185088275
-0.038089867252
-0.0391642024967
-0.0402414697911
-0.0413216241306
-0.0424046202786
-0.0434904127693
-0.0445789559092
-0.0456702037792
-0.0467641102372
-0.0478606289204
-0.0489597132484
-0.0500613164232
-0.0511653914336
-0.0522718910568
-0.053380767861
-0.0544919742073
-0.0556054622524
-0.0567211839507
-0.0578390910572
-0.0589591351299
-0.060081267532
-0.0612054394339
-0.0623316018162
-0.0634597054727
-0.0645897010122
-0.0657215388611
-0.066855169266
-0.0679905422958
-0.0691276078458
-0.0702663156391
-0.0714066152288
-0.0725484560014
-0.0736917871791
-0.0748365578227
-0.0759827168348
-0.0771302129607
-0.0782789947922
-0.0794290107706
-0.0805802091919
-0.0817325382022
-0.0828859458076
-0.0840403798743
-0.0851957881297
-0.0863521181689
-0.0875093174557
-0.0886673333228
-0.0898261129798
-0.090985603514
-0.092145751889
-0.0933065049541
-0.0944678094429
-0.0956296119777
-0.0967918590734
-0.0979544971397
-0.0991174724811
-0.100280731304
-0.101444219718
-0.102607883739
-0.10377166929
-0.10493552221
-0.106099388249
-0.10726321308
-0.108426942294
-0.109590521405
-0.110753895857
-0.111917011024
-0.11307981221
-0.114242244663
-0.115404253564
-0.116565784037
-0.117726781155
-0.118887189937
-0.120046955356
-0.121206022339
-0.122364335772
-0.123521840498
-0.124678481337
-0.125834203063
-0.126988950427
-0.128142668155
-0.129295300947
-0.130446793484
-0.131597090434
-0.132746136447
-0.133893876169
-0.135040254237
-0.136185215283
-0.137328703938
-0.138470664839
-0.139611042626
-0.140749781955
-0.141886827488
-0.143022123906
-0.144155615909
-0.145287248219
-0.146416965585
-0.147544712785
-0.148670434628
-0.149794075959
-0.150915581667
-0.152034896679
-0.153151965966
-0.15426673455
-0.155379147508
-0.156489149969
-0.157596687122
-0.158701704218
-0.159804146574
-0.160903959577
-0.162001088685
-0.163095479432
-0.164187077429
-0.165275828371
-0.16636167804
-0.167444572304
-0.168524457124
-0.169601278557
-0.170674982759
-0.171745515989
-0.17281282461
-0.173876855093
-0.174937554023
-0.175994868099
-0.177048744142
-0.178099129092
-0.179145970015
-0.180189214106
-0.181228808691
-0.182264701234
-0.183296839336
-0.184325170738
-0.185349643329
-0.186370205149
-0.187386804384
-0.188399389378
-0.189407908635
-0.190412310816
-0.191412544751
-0.192408559441
-0.19340030405
-0.194387727922
-0.19537078058
-0.196349411732
-0.197323571257
-0.198293209236
-0.19925827593
-0.200218721801
-0.201174497507
-0.202125553905
-0.203071842055
-0.20401331323
-0.204949918906
-0.205881610773
-0.206808340742
-0.207730060937
-0.20864672371
-0.209558281642
-0.210464687533
-0.211365894422
-0.212261855582
-0.213152524518
-0.214037854987
-0.214917800984
-0.215792316749
-0.216661356777
-0.217524875818
-0.218382828871
-0.219235171201
-0.220081858329
-0.220922846047
-0.221758090415
-0.222587547766
-0.223411174696
-0.224228928089
-0.225040765108
-0.225846643197
-0.226646520083
-0.227440353784
-0.228228102605
-0.229009725155
-0.229785180333
-0.230554427337
-0.23131742567
-0.232074135141
-0.232824515862
-0.233568528262
-0.234306133078
-0.235037291364
-0.235761964499
-0.236480114179
-0.23719170242
-0.237896691569
-0.2385950443
-0.239286723618
-0.239971692871
-0.240649915732
-0.241321356218
-0.241985978689
-0.242643747847
-0.24329462874
-0.243938586769
-0.244575587678
-0.245205597575
-0.245828582923
-0.246444510536
-0.247053347593
-0.247655061635
-0.248249620572
-0.248836992678
-0.249417146596
-0.249990051341
-0.250555676305
-0.251113991255
-0.251664966337
-0.252208572073
-0.252744779372
-0.253273559525
-0.253794884214
-0.254308725504
-0.254815055851
-0.255313848106
-0.255805075515
-0.256288711718
-0.256764730753
-0.257233107056
-0.257693815468
-0.258146831234
-0.258592130004
-0.259029687833
-0.259459481182
-0.259881486928
-0.260295682356
-0.260702045168
-0.261100553478
-0.261491185815
-0.261873921131
-0.262248738797
-0.262615618602
-0.26297454076
-0.263325485903
-0.2636684351
-0.264003369841
-0.264330272039
-0.264649124042
-0.264959908628
-0.265262609005
-0.265557208816
-0.265843692135
-0.266122043471
-0.266392247777
-0.266654290441
-0.266908157282
-0.267153834565
-0.267391308993
-0.26762056771
-0.26784159831
-0.268054388821
-0.268258927715
-0.268455203917
-0.268643206793
-0.268822926155
-0.268994352263
-0.269157475824
-0.269312287994
-0.269458780383
-0.269596945047
-0.269726774491
-0.269848261672
-0.269961399998
-0.270066183334
-0.270162605991
-0.270250662736
-0.270330348785
-0.270401659816
-0.270464591956
-0.270519141786
-0.270565306339
-0.270603083103
-0.270632470034
-0.270653465525
-0.270666068433
-0.270670278067
-0.270666094194
-0.270653517034
-0.270632547265
-0.270603186015
-0.270565434871
-0.270519295879
-0.270464771534
-0.270401864786
-0.270330579039
-0.270250918153
-0.270162886445
-0.270066488682
-0.269961730084
-0.269848616322
-0.269727153523
-0.269597348269
-0.269459207588
-0.269312738962
-0.269157950318
-0.268994850041
-0.268823446965
-0.268643750367
-0.268455769973
-0.268259515954
-0.268054998947
-0.267842230012
-0.267621220662
-0.267391982858
-0.267154528995
-0.266908871919
-0.266655024918
-0.266393001711
-0.266122816465
-0.265844483796
-0.265558018737
-0.265263436768
-0.264960753804
-0.26464998619
-0.264331150709
-0.264004264585
-0.263669345454
-0.263326411391
-0.2629754809
-0.26261657291
-0.262249706775
-0.261874902276
-0.261492179609
-0.261101559404
-0.260703062708
-0.260296710977
-0.259882526091
-0.259460530342
-0.259030746442
-0.258593197511
-0.258147907077
-0.257694899078
-0.257234197865
-0.25676582819
-0.256289815207
-0.255806184473
-0.255314961946
-0.254816173982
-0.254309847339
-0.253796009161
-0.253274686986
-0.252745908746
-0.252209702762
-0.25166609774
-0.251115122771
-0.250556807325
-0.249991181259
-0.24941827481
-0.248838118585
-0.248250743568
-0.247656181114
-0.247054462948
-0.246445621169
-0.245829688234
-0.245206696966
-0.244576680545
-0.243939672519
-0.243295706787
-0.2426448176
-0.241987039563
-0.241322407627
-0.240650957096
-0.239972723619
-0.239287743179
-0.2385960521
-0.237897687048
-0.237192685031
-0.23648108337
-0.235762919727
-0.235038232089
-0.234307058763
-0.233569438385
-0.232825409907
-0.232075012591
-0.231318286023
-0.230555270098
-0.229786005009
-0.229010531269
-0.228228889678
-0.227441121347
-0.226647267688
-0.225847370399
-0.225041471469
-0.22422961318
-0.223411838094
-0.222588189065
-0.221758709222
-0.22092344197
-0.220082430988
-0.219235720233
-0.218383353924
-0.217525376546
-0.216661832847
-0.215792767833
-0.214918226773
-0.214038255188
-0.213152898843
-0.212262203752
-0.211366216178
-0.210464982629
-0.209558549839
-0.208646964786
-0.207730274676
-0.206808526945
-0.205881769259
-0.204950049503
-0.204013415778
-0.203071916408
-0.20212559993
-0.201174515088
-0.200218710833
-0.199258236319
-0.198293140903
-0.197323474144
-0.196349285786
-0.195370625769
-0.194387544217
-0.193400091441
-0.192408317939
-0.191412274379
-0.190412011605
-0.189407580633
-0.188399032649
-0.187386419005
-0.186369791212
-0.185349200937
-0.184324700004
-0.183296340396
-0.182264174237
-0.181228253797
-0.180188631485
-0.179145359853
-0.178098491596
-0.177048079527
-0.175994176592
-0.174936835865
-0.173876110541
-0.172812053931
-0.171744719468
-0.170674160686
-0.169600431237
-0.168523584882
-0.167443675473
-0.166360756966
-0.165274883411
-0.164186108949
-0.163094487818
-0.162000074332
-0.160902922889
-0.159803087967
-0.158700624119
-0.157595585973
-0.156488028221
-0.155378005622
-0.154265572995
-0.153150785223
-0.152033697245
-0.150914364044
-0.149792840657
-0.148669182166
-0.147543443695
-0.146415680408
-0.145285947505
-0.144154300211
-0.143020793789
-0.141885483526
-0.140748424729
-0.139609672724
-0.13846928285
-0.137327310466
-0.136183810941
-0.13503883964
-0.133892451937
-0.132744703206
-0.131595648815
-0.130445344126
-0.129293844492
-0.128141205247
-0.126987481719
-0.12583272921
-0.124677002998
-0.123520358334
-0.122362850442
-0.121204534513
-0.120045465707
-0.118885699136
-0.117725289876
-0.116564292954
-0.115402763351
-0.114240756
-0.113078325774
-0.111915527488
-0.110752415899
-0.109589045703
-0.108425471523
-0.107261747915
-0.10609792936
-0.104934070265
-0.103770224964
-0.102606447696
-0.101442792623
-0.100279313816
-0.0991160652576
-0.0979531008314
-0.0967904743299
-0.0956282394378
-0.0944664497472
-0.0933051587393
-0.0921444197838
-0.090984286141
-0.0898248109553
-0.0886660472533
-0.0875080479482
-0.0863508658216
-0.0851945535309
-0.0840391636063
-0.0828847484449
-0.0817313603095
-0.0805790513275
-0.0794278734813
-0.0782778786143
-0.0771291184277
-0.0759816444681
-0.074835508133
-0.073690760666
-0.0725474531545
-0.0714056365301
-0.0702653615575
-0.0691266788379
-0.0679896388077
-0.0668542917334
-0.065720687707
-0.0645888766481
-0.0634589082956
-0.0623308322119
-0.0612046977772
-0.0600805541841
-0.0589584504384
-0.0578384353554
-0.056720557559
-0.0556048654793
-0.0544914073466
-0.0533802311919
-0.0522713848438
-0.0511649159278
-0.0500608718624
-0.048959299855
-0.0478602469016
-0.0467637597847
-0.0456698850712
-0.0445786691095
-0.0434901580257
-0.0424043977228
-0.0413214338793
-0.0402413119469
-0.0391640771463
-0.0380897744665
-0.0370184486614
-0.03595014425
-0.0348849055134
-0.0338227764913
-0.0327638009797
-0.0317080225307
-0.0306554844514
-0.0296062297995
-0.0285603013795
-0.0275177417454
-0.0264785931951
-0.0254428977707
-0.0244106972555
-0.0233820331716
-0.0223569467785
-0.0213354790732
-0.0203176707844
-0.019303562373
-0.0182931940302
-0.017286605675
-0.0162838369537
-0.0152849272376
-0.0142899156192
-0.0132988409132
-0.0123117416536
-0.011328656092
-0.0103496221968
-0.00937467764994
-0.00840385984626
-0.00743720589221
-0.00647475260379
-0.00551653650449
-0.00456259382466
-0.00361296049921
-0.00266767216673
-0.00172676416769
-0.000790271542767
0.000141770968404
0.00106932892865
0.00199236820471
0.00291085496854
0.00382475569902
0.00473403718302
0.00563866651668
0.00653861110696
0.00743383867272
0.00832431724625
0.00921001517435
0.0100909011193
0.0109669440606
0.0118381132965
0.0127043784438
0.0135657094402
0.0144220765446
0.015273450339
0.0161198017294
0.0169611019474
0.0177973225491
0.0186284354182
0.0194544127668
0.0202752271355
0.0210908513954
0.0219012587483
0.0227064227269
0.0235063171982
0.0243009163631
0.025090194755
0.0258741272445
0.0266526890365
0.0274258556745
0.0281936030403
0.0289559073532
0.0297127451712
0.0304640933929
0.0312099292573
0.0319502303462
0.0326849745817
0.0334141402289
0.0341377058957
0.0348556505365
0.0355679534476
0.036274594271
0.0369755529935
0.0376708099471
0.0383603458167
0.0390441416266
0.0397221787509
0.0403944389133
0.0410609041844
0.0417215569821
0.0423763800773
0.0430253565845
0.0436684699728
0.0443057040623
0.0449370430198
0.0455624713632
0.0461819739618
0.0467955360353
0.0474031431571
0.0480047812506
0.0486004365896
0.0491900957997
0.0497737458605
0.0503513741028
0.0509229682081
0.0514885162107
0.0520480064957
0.0526014278038
0.0531487692273
0.0536900202077
0.0542251705397
0.0547542103701
0.0552771301983
0.0557939208771
0.0563045736085
0.0568090799448
0.0573074317924
0.05779962141
0.0582856414049
0.0587654847356
0.0592391447096
0.0597066149864
0.0601678895835
0.0606229628538
0.0610718295075
0.0615144846032
0.0619509235472
0.0623811420933
0.0628051363469
0.0632229027537
0.0636344381163
0.0640397395803
0.0644388046337
0.064831631113
0.0652182171979
0.0655985614144
0.0659726626372
0.0663405200776
0.0667021332911
0.067057502177
0.0674066269755
0.0677495082696
0.0680861469815
0.0684165443701
0.0687407020365
0.0690586219237
0.0693703063065
0.0696757577981
0.0699749793482
0.0702679742403
0.070554746097
0.0708352988647
0.0711096368324
0.0713777646221
0.0716396871786
0.0718954097805
0.0721449380341
0.072388277878
0.0726254355785
0.0728564177226
0.0730812312248
0.0732998833269
0.0735123815927
0.0737187339063
0.0739189484751
0.074113033823
0.0743009988009
0.0744828525749
0.0746586046243
0.0748282647456
0.0749918430502
0.0751493499632
0.075300796227
0.0754461928883
0.0755855513037
0.0757188831418
0.0758462003798
0.0759675152982
0.0760828404843
0.0761921888241
0.0762955735112
0.0763930080418
0.0764845062093
0.0765700821035
0.0766497501109
0.0767235249162
0.0767914215002
0.0768534551334
0.0769096413777
0.0769599960826
0.0770045353912
0.0770432757321
0.0770762338205
0.0771034266532
0.0771248715093
0.077140585949
0.0771505878136
0.0771548952254
0.0771535265779
0.0771465005398
0.0771338360538
0.0771155523377
0.0770916688772
0.0770622054259
0.0770271820012
0.076986618889
0.0769405366421
0.0768889560722
0.0768318982493
0.076769384501
0.0767014364145
0.0766280758335
0.0765493248548
0.0764652058235
0.0763757413335
0.0762809542312
0.0761808676101
0.0760755048044
0.075964889393
0.0758490451912
0.0757279962608
0.0756017669006
0.0754703816397
0.0753338652428
0.0751922427044
0.0750455392526
0.0748937803437
0.0747369916618
0.0745751991095
0.0744084288144
0.0742367071252
0.0740600606083
0.0738785160486
0.0736921004417
0.0735008409975
0.0733047651421
0.0731039005086
0.0728982749318
0.0726879164551
0.0724728533222
0.0722531139792
0.0720287270732
0.0717997214522
0.0715661261491
0.0713279703934
0.0710852836079
0.0708380954045
0.0705864355792
0.0703303341157
0.0700698211736
0.0698049271034
0.0695356824316
0.0692621178562
0.068984264253
0.0687021526669
0.0684158143178
0.068125280597
0.0678305830546
0.067531753406
0.0672288235296
0.0669218254642
0.0666107914091
0.0662957537152
0.0659767448852
0.0656537975762
0.0653269445987
0.0649962189043
0.0646616535918
0.0643232818993
0.0639811372088
0.0636352530438
0.0632856630633
0.0629324010556
0.0625755009424
0.0622149967779
0.0618509227445
0.0614833131491
0.0611122024218
0.06073762511
0.0603596158876
0.0599782095445
0.0595934409805
0.0592053452109
0.0588139573581
0.0584193126576
0.0580214464515
0.057620394184
0.0572161913989
0.0568088737406
0.0563984769507
0.0559850368649
0.0555685894205
0.0551491706354
0.0547268166178
0.0543015635652
0.0538734477598
0.0534425055631
0.0530087734199
0.0525722878461
0.0521330854389
0.0516912028727
0.0512466768867
0.0507995442898
0.0503498419572
0.0498976068302
0.0494428759144
0.0489856862764
0.0485260750363
0.048064079371
0.0475997365147
0.047133083753
0.0466641584179
0.0461929978914
0.0457196395962
0.0452441210056
0.0447664796318
0.0442867530223
0.0438049787624
0.0433211944716
0.0428354378028
0.0423477464409
0.0418581581001
0.0413667105148
0.0408734414467
0.0403783886796
0.0398815900144
0.0393830832739
0.038882906291
0.0383810969148
0.0378776930093
0.037372732446
0.0368662530984
0.0363582928498
0.0358488895838
0.0353380811876
0.0348259055461
0.0343124005415
0.0337976040469
0.0332815539337
0.0327642880636
0.0322458442831
0.0317262604275
0.0312055743144
0.030683823747
0.0301610465091
0.0296372803629
0.0291125630452
0.028586932268
0.0280604257159
0.0275330810453
0.0270049358806
0.0264760278115
0.0259463943946
0.0254160731478
0.0248851015493
0.0243535170373
0.0238213570116
0.0232886588188
0.0227554597624
0.0222217970976
0.0216877080279
0.0211532297048
0.0206183992267
0.0200832536311
0.0195478299024
0.0190121649656
0.0184762956792
0.017940258841
0.0174040911815
0.016867829365
0.0163315099883
0.0157951695757
0.0152588445776
0.014722571371
0.0141863862566
0.0136503254577
0.0131144251167
0.0125787212946
0.0120432499686
0.0115080470331
0.0109731482941
0.0104385894691
0.00990440618519
0.0093706339778
0.00883730828931
0.00830446446734
0.00777213776213
0.0072403633245
0.00670917620605
0.00617861135644
0.00564870362147
0.00511948774287
0.00459099835442
0.00406326998276
0.00353633704489
0.00301023384594
0.0024849945778
0.00196065331839
0.0014372440293
0.000914800554967
0.000393356620589
-0.000127054169284
-0.000646398332035
-0.00116464250858
-0.00168175346495
-0.00219769809354
-0.0027124434147
-0.00322595657796
-0.00373820486383
-0.00424915568507
-0.00475877658823
-0.0052670352544
-0.00577389950122
-0.00627933728413
-0.00678331669768
-0.00728580597711
-0.00778677349876
-0.00828618778299
-0.00878401749379
-0.00928023144128
-0.00977479858332
-0.0102676880259
-0.0107588690217
-0.0112483109785
-0.0117359834538
-0.0122218561584
-0.0127058989583
-0.0131880818756
-0.0136683750887
-0.0141467489344
-0.014623173907
-0.015097620664
-0.0155700600237
-0.0160404629671
-0.0165088006383
-0.0169750443469
-0.0174391655673
-0.0179011359431
-0.0183609272864
-0.0188185115769
-0.0192738609646
-0.0197269477707
-0.0201777444912
-0.0206262237944
-0.0210723585222
-0.021516121691
-0.0219574864948
-0.0223964263065
-0.0228329146768
-0.0232669253338
-0.0236984321854
-0.0241274093222
-0.0245538310177
-0.0249776717278
-0.0253989060911
-0.0258175089289
-0.0262334552515
-0.0266467202563
-0.0270572793247
-0.0274651080278
-0.027870182122
-0.0282724775581
-0.0286719704777
-0.0290686372099
-0.0294624542766
-0.0298533983907
-0.0302414464616
-0.0306265755916
-0.0310087630809
-0.0313879864202
-0.0317642232973
-0.032137451598
-0.0325076494047
-0.0328747949984
-0.0332388668594
-0.0335998436668
-0.0339577042986
-0.034312427834
-0.0346639935558
-0.035012380948
-0.0353575696885
-0.0356995396698
-0.0360382709809
-0.0363737439154
-0.0367059389723
-0.0370348368558
-0.0373604184772
-0.0376826649502
-0.0380015575916
-0.0383170779323
-0.0386292077098
-0.0389379288633
-0.0392432235444
-0.0395450741095
-0.0398434631275
-0.0401383733715
-0.0404297878325
-0.040717689708
-0.0410020623969
-0.0412828895168
-0.0415601548966
-0.0418338425729
-0.0421039367946
-0.042370422023
-0.0426332829348
-0.0428925044174
-0.0431480715567
-0.0433999696709
-0.0436481842807
-0.0438927011211
-0.0441335061419
-0.0443705855051
-0.0446039255916
-0.0448335129931
-0.0450593344984
-0.0452813771377
-0.0454996281389
-0.0457140749468
-0.0459247052231
-0.0461315068443
-0.0463344679015
-0.046533576697
-0.0467288217429
-0.0469201917791
-0.0471076757512
-0.04729126282
-0.0474709423639
-0.0476467039789
-0.0478185374731
-0.0479864328605
-0.0481503803794
-0.0483103704816
-0.0484663938312
-0.0486184413078
-0.0487665040038
-0.0489105732334
-0.0490506405173
-0.0491866975869
-0.0493187363942
-0.0494467491103
-0.0495707281083
-0.0496906659824
-0.0498065555344
-0.0499183897855
-0.0500261619627
-0.0501298655129
-0.0502294940956
-0.0503250415806
-0.050416502039
-0.0505038697729
-0.050587139284
-0.0506663052871
-0.0507413627096
-0.0508123066939
-0.050879132588
-0.0509418359501
-0.0510004125441
-0.051054858355
-0.0511051695728
-0.0511513425918
-0.0511933740166
-0.0512312606623
-0.0512649995498
-0.0512945879056
-0.0513200231745
-0.0513413030028
-0.051358425225
-0.0513713879073
-0.0513801893086
-0.0513848278941
-0.0513853023359
-0.0513816115091
-0.0513737544979
-0.0513617305877
-0.051345539246
-0.051325180175
-0.0513006532597
-0.0512719585892
-0.0512390964563
-0.0512020673553
-0.0511608719813
-0.0511155112227
-0.0510659861599
-0.0510122980903
-0.0509544484961
-0.0508924390584
-0.0508262716566
-0.0507559483698
-0.0506814714708
-0.0506028434142
-0.0505200668612
-0.0504331446664
-0.0503420798727
-0.0502468757166
-0.0501475356273
-0.0500440632291
-0.0499364623347
-0.0498247369284
-0.0497088912091
-0.0495889295504
-0.049464856515
-0.0493366768564
-0.049204395509
-0.0490680175984
-0.0489275484271
-0.04878299349
-0.0486343584606
-0.048481649197
-0.048324871732
-0.048164032287
-0.047999137267
-0.0478301932519
-0.0476572069971
-0.0474801854351
-0.0472991356819
-0.0471140650315
-0.0469249809466
-0.0467318910669
-0.0465348032019
-0.0463337253445
-0.0461286656578
-0.0459196324718
-0.0457066342839
-0.045489679769
-0.0452687777671
-0.0450439372876
-0.0448151675084
-0.0445824777703
-0.0443458775846
-0.0441053766232
-0.0438609847245
-0.0436127118897
-0.0433605682782
-0.0431045642193
-0.0428447101905
-0.0425810168396
-0.0423134949682
-0.0420421555326
-0.0417670096501
-0.0414880685962
-0.0412053437996
-0.0409188468391
-0.0406285894443
-0.0403345835048
-0.0400368410613
-0.0397353743
-0.0394301955555
-0.0391213173106
-0.0388087522005
-0.0384925130024
-0.0381726126401
-0.0378490641833
-0.0375218808429
-0.0371910759731
-0.0368566630679
-0.036518655768
-0.0361770678477
-0.0358319132185
-0.0354832059312
-0.0351309601768
-0.0347751902831
-0.0344159107051
-0.0340531360314
-0.0336868809876
-0.0333171604318
-0.0329439893503
-0.032567382859
-0.0321873561963
-0.0318039247368
-0.031417103982
-0.0310269095525
-0.030633357196
-0.0302364627787
-0.0298362422958
-0.0294327118627
-0.0290258877154
-0.028615786206
-0.0282024238039
-0.0277858170965
-0.0273659827899
-0.0269429377022
-0.0265166987653
-0.026087283025
-0.0256547076384
-0.0252189898726
-0.0247801471049
-0.0243381968217
-0.0238931566171
-0.0234450441878
-0.0229938773407
-0.0225396739852
-0.0220824521299
-0.0216222298925
-0.0211590254864
-0.020692857227
-0.020223743529
-0.0197517029014
-0.0192767539546
-0.0187989153932
-0.0183182060159
-0.0178346447104
-0.0173482504645
-0.016859042352
-0.0163670395383
-0.0158722612793
-0.0153747269159
-0.014874455879
-0.0143714676822
-0.013865781928
-0.0133574182999
-0.0128463965628
-0.0123327365647
-0.0118164582342
-0.0112975815784
-0.0107761266833
-0.0102521137117
-0.00972556290263
-0.00919649456943
-0.0086649290997
-0.0081308869555
-0.00759438866907
-0.00705545484085
-0.0065141061453
-0.00597036332228
-0.00542424718031
-0.00487577859423
-0.00432497850295
-0.00377186791106
-0.00321646788522
-0.0026587995542
-0.00209888410791
-0.00153674279579
-0.000972396926208
-0.000405867864919
0.000162822965382
0.000733654086686
0.00130660396639
0.00188165101874
0.00245877360561
0.00303795003747
0.00361915857422
0.004202377428
0.00478758476192
0.00537475869199
0.00596387728839
0.00655491857711
0.00714786054
0.00774268111508
0.00833935820036
0.00893786965189
0.00953819328666
0.0101403068834
0.0107441881824
0.0113498148891
0.0119571646705
0.0125662151622
0.0131769439672
0.0137893286546
0.0144033467575
0.0150189757876
0.0156361932208
0.0162549765074
0.0168753030714
0.0174971503066
0.0181204955871
0.018745316259
0.0193715896462
0.019999293052
0.0206284037563
0.0212588990199
0.0218907560841
0.0225239521733
0.023158464493
0.0237942702326
0.0244313465701
0.0250696706671
0.025709219667
0.0263499707048
0.0269919009123
0.0276349874003
0.028279207272
0.0289245376257
0.0295709555503
0.0302184381314
0.0308669624417
0.0315165055589
0.0321670445477
0.0328185564777
0.033471018419
0.034124407437
0.0347787005842
0.0354338749382
0.0360899075635
0.0367467755304
0.0374044559184
0.0380629258036
0.0387221622764
0.0393821424243
0.0400428433542
0.040704242174
0.0413663160009
0.0420290419633
0.0426923972023
0.0433563588695
0.044020904131
0.0446860101654
0.045351654168
0.0460178133467
0.0466844649294
0.0473515861607
0.048019154298
0.0486871466284
0.049355540447
0.0500243130796
0.0506934418692
0.0513629041772
0.0520326773973
0.0527027389439
0.0533730662599
0.0540436367901
0.05471442804
0.0553854175351
0.0560565828137
0.0567279014483
0.0573993510521
0.0580709092562
0.0587425537329
0.0594142621776
0.0600860123271
0.0607577819463
0.0614295488354
0.0621012908365
0.0627729858215
0.0634446116969
0.0641161464019
0.0647875679457
0.0654588543553
0.0661299836703
0.0668009340144
0.0674716835277
0.0681422104034
0.0688124928795
0.0694825092181
0.0701522377499
0.0708216568424
0.0714907449025
0.0721594803909
0.072827841813
0.0734958077309
0.074163356723
0.0748304674582
0.0754971186318
0.0761632889892
0.0768289573441
0.0774941025446
0.0781587035037
0.0788227391639
0.0794861885602
0.0801490307615
0.0808112448854
0.0814728101068
0.0821337056686
0.082793910861
0.0834534050389
0.0841121676082
0.0847701780367
0.0854274158563
0.0860838606551
0.0867394920821
0.0873942898456
0.0880482337268
0.0887013035472
0.0893534792157
0.0900047406916
0.0906550679948
0.0913044412238
0.0919528405352
0.0926002461624
0.0932466383687
0.0938919975327
0.0945363040682
0.0951795384652
0.0958216812958
0.0964627131785
0.0971026148256
0.0977413669825
0.0983789505174
0.0990153463481
0.0996505354454
0.100284498855
0.100917217722
0.101548673241
0.102178846693
0.102807719429
0.103435272867
0.104061488516
0.104686347942
0.10530983282
0.105931924885
0.106552605905
0.107171857792
0.107789662497
0.108406002062
0.109020858614
0.109634214338
0.11024605153
0.110856352528
0.111465099785
0.112072275825
0.112677863251
0.11328184472
0.113884203022
0.114484921013
0.11508398162
0.115681367829
0.116277062767
0.116871049602
0.117463311603
0.11805383213
0.118642594602
0.119229582558
0.119814779601
0.120398169422
0.12097973581
0.121559462634
0.122137333834
0.122713333464
0.123287445663
0.123859654625
0.12442994468
0.124998300208
0.125564705704
0.126129145751
0.126691604987
0.12725206819
0.127810520198
0.128366945946
0.128921330469
0.12947365887
0.130023916383
0.130572088276
0.131118159967
0.131662116932
0.132203944737
0.132743629075
0.133281155699
0.133816510474
0.134349679308
0.134880648296
0.135409403571
0.135935931352
0.136460217953
0.13698224982
0.137502013463
0.138019495484
0.138534682592
0.139047561589
0.139558119368
0.140066342926
0.140572219349
0.141075735833
0.141576879641
0.142075638164
0.142571998884
0.14306594934
0.143557477234
0.144046570313
0.144533216445
0.145017403601
0.145499119812
0.145978353264
0.146455092192
0.146929324959
0.147401040007
0.147870225877
0.148336871236
0.148800964815
0.149262495469
0.149721452121
0.150177823835
0.150631599742
0.151082769057
0.151531321151
0.151977245455
0.152420531506
0.152861168934
0.153299147463
0.153734456961
0.154167087373
0.154597028682
0.155024271059
0.155448804727
0.155870620017
0.156289707376
0.156706057326
0.157119660526
0.15753050767
0.157938589615
0.158343897323
0.158746421834
0.159146154215
0.159543085769
0.159937207797
0.160328511746
0.16071698917
0.161102631667
0.161485431014
0.161865379037
0.162242467669
0.162616688968
0.162988035062
0.163356498192
0.163722070692
0.164084745026
0.16444451371
0.164801369373
0.165155304796
0.165506312811
0.16585438636
0.166199518482
0.166541702318
0.166880931112
0.167217198217
0.1675504971
0.167880821245
0.168208164345
0.168532520154
0.168853882439
0.169172245209
0.169487602508
0.169799948452
0.170109277309
0.170415583417
0.170718861236
0.171019105263
0.171316310179
0.171610470704
0.171901581678
0.172189638061
0.172474634866
0.172756567252
0.173035430441
0.173311219778
0.173583930689
0.173853558696
0.174120099457
0.174383548705
0.174643902234
0.174901155993
0.175155306
0.17540634837
0.17565427933
0.175899095197
0.176140792405
0.176379367417
0.176614816859
0.176847137493
0.177076326121
0.177302379533
0.177525294801
0.177745069062
0.177961699456
0.178175183277
0.178385517927
0.178592700854
0.17879672967
0.178997602012
0.17919531567
0.1793898685
0.179581258436
0.179769483574
0.179954542052
0.180136432103
0.180315152058
0.180490700362
0.180663075531
0.180832276185
0.18099830105
0.181161148938
0.181320818724
0.181477309387
0.181630620095
0.181780750032
0.181927698364
0.182071464548
0.182212047997
0.18234944828
0.182483665065
0.182614698024
0.18274254704
0.182867212021
0.18298869298
0.18310699001
0.183222103289
0.183334033131
0.183442779897
0.183548344067
0.183650726147
0.183749926833
0.183845946842
0.183938786934
0.184028448096
0.184114931317
0.184198237653
0.184278368326
0.1843553246
0.184429107794
0.18449971932
0.184567160795
0.184631433805
0.184692540032
0.184750481272
0.184805259414
0.18485687644
0.184905334347
0.184950635316
0.184992781545
0.185031775336
0.185067619103
0.185100315298
0.185129866527
0.185156275375
0.185179544618
0.185199677052
0.185216675556
0.18523054315
0.185241282874
0.185248897899
0.18525339137
0.185254766695
0.18525302729
0.185248176576
0.185240218036
0.185229155424
0.185214992444
0.185197732875
0.185177380601
0.185153939577
0.18512741384
0.18509780753
0.185065124862
0.185029370066
0.184990547537
0.18494866173
0.184903717086
0.184855718255
0.184804669906
0.184750576772
0.184693443698
0.184633275568
0.184570077399
0.184503854194
0.184434611132
0.184362353391
0.184287086252
0.184208815105
0.18412754535
0.184043282531
0.183956032191
0.183865800016
0.183772591723
0.183676413098
0.18357727006
0.183475168545
0.183370114567
0.18326211422
0.183151173678
0.183037299171
0.182920497006
0.182800773582
0.182678135359
0.182552588824
0.182424140602
0.182292797341
0.182158565764
0.182021452689
0.181881464979
0.181738609607
0.181592893418
0.181444323526
0.18129290718
0.181138651547
0.180981564095
0.180821652056
0.180658922855
0.180493383844
0.180325042673
0.18015390695
0.179979984314
0.179803282521
0.179623809362
0.179441572714
0.179256580511
0.179068840747
0.178878361487
0.178685150853
0.178489217034
0.178290568279
0.178089212899
0.177885159271
0.177678415828
0.177468991068
0.177256893549
0.17704213189
0.176824714771
0.176604650929
0.176381949165
0.176156618336
0.17592866736
0.175698105214
0.175464940932
0.175229183607
0.17499084239
0.17474992649
0.174506445172
0.174260407759
0.174011823629
0.17376070222
0.173507053021
0.17325088558
0.172992209499
0.172731034436
0.172467370104
0.172201226267
0.171932612748
0.17166153942
0.171388016211
0.171112053102
0.170833660127
0.170552847372
0.170269624975
0.169984003127
0.169695992068
0.169405602093
0.169112843545
0.168817726818
0.168520262357
0.168220460657
0.167918332261
0.167613887764
0.167307137808
0.166998093084
0.166686764333
0.16637316234
0.166057297942
0.165739182022
0.16541882551
0.165096239381
0.16477143466
0.164444422415
0.164115213762
0.163783819862
0.163450251919
0.163114521186
0.162776638956
0.16243661657
0.162094465412
0.161750196907
0.161403822528
0.161055353786
0.160704802239
0.160352179485
0.159997497165
0.15964076696
0.159282000595
0.158921209835
0.158558406484
0.158193602391
0.15782680944
0.157458039558
0.157087304711
0.156714616905
0.156339988183
0.155963430628
0.155584956361
0.155204577542
0.154822306366
0.154438155069
0.154052135922
0.153664261232
0.153274543345
0.152882994641
0.152489627537
0.152094454485
0.151697487973
0.151298740523
0.150898224692
0.150495953072
0.150091938289
0.149686193001
0.149278729902
0.148869561717
0.148458701205
0.148046161157
0.147631954397
0.147216093781
0.146798592194
0.146379462557
0.145958717818
0.145536370958
0.145112434987
0.144686922947
0.144259847907
0.143831222968
0.14340106126
0.142969375942
0.142536180199
0.142101487249
0.141665310335
0.141227662727
0.140788557726
0.140348008657
0.139906028874
0.139462631756
0.13901783071
0.138571639168
0.138124070587
0.137675138451
0.137224856269
0.136773237574
0.136320295925
0.135866044904
0.135410498118
0.134953669197
0.134495571795
0.13403621959
0.13357562628
0.13311380559
0.132650771263
0.132186537068
0.131721116793
0.131254524248
0.130786773266
0.130317877699
0.129847851421
0.129376708326
0.128904462327
0.128431127359
0.127956717375
0.127481246348
0.12700472827
0.126527177152
0.126048607024
0.125569031932
0.125088465942
0.124606923138
0.124124417621
0.123640963508
0.123156574934
0.122671266052
0.122185051028
0.121697944047
0.121209959309
0.120721111029
0.120231413439
0.119740880784
0.119249527326
0.11875736734
0.118264415115
0.117770684957
0.117276191181
0.11678094812
0.116284970117
0.115788271532
0.115290866733
0.114792770105
0.114293996042
0.113794558951
0.113294473252
0.112793753375
0.112292413763
0.111790468868
0.111287933154
0.110784821095
0.110281147177
0.109776925894
0.109272171751
0.108766899262
0.108261122951
0.10775485735
0.107248117002
0.106740916455
0.10623327027
0.105725193014
0.10521669926
0.104707803591
0.104198520598
0.103688864878
0.103178851035
0.10266849368
0.102157807431
0.101646806911
0.101135506751
0.100623921588
0.100112066061
0.0995999548185
0.0990876025127
0.0985750238006
0.0980622333441
0.0975492458098
0.0970360758684
0.0965227381947
0.0960092474677
0.0954956183697
0.0949818655866
0.0944680038075
0.0939540477245
0.0934400120325
0.0929259114291
0.0924117606142
0.0918975742899
0.0913833671601
0.0908691539306
0.0903549493088
0.0898407680033
0.089326624724
0.0888125341814
0.0882985110871
0.0877845701529
0.0872707260913
0.0867569936145
0.0862433874349
0.0857299222644
0.0852166128147
0.0847034737965
0.0841905199199
0.0836777658938
0.0831652264258
0.0826529162221
0.0821408499873
0.081629042424
0.081117508233
0.0806062621126
0.080095318759
0.0795846928654
0.0790743991227
0.0785644522184
0.0780548668371
0.07754565766
0.0770368393647
0.0765284266253
0.0760204341117
0.0755128764899
0.0750057684219
0.0744991245648
0.0739929595714
0.0734872880897
0.0729821247628
0.0724774842284
0.0719733811192
0.0714698300624
0.0709668456793
0.0704644425857
0.0699626353913
0.0694614386995
0.0689608671076
0.0684609352063
0.0679616575797
0.067463048805
0.0669651234526
0.0664678960855
0.0659713812597
0.0654755935234
0.0649805474174
0.0644862574747
0.0639927382202
0.0635000041709
0.0630080698354
0.0625169497141
0.0620266582984
0.0615372100714
0.0610486195073
0.0605609010709
0.0600740692182
0.0595881383958
0.0591031230407
0.0586190375804
0.0581358964325
0.0576537140049
0.0571725046951
0.0566922828908
0.0562130629691
0.0557348592966
0.0552576862293
0.0547815581125
0.0543064892806
0.0538324940567
0.053359586753
0.0528877816702
0.0524170930977
0.0519475353131
0.0514791225824
0.0510118691596
0.0505457892869
0.0500808971942
0.0496172070991
0.0491547332071
0.0486934897107
0.0482334907903
0.047774750613
0.0473172833334
0.0468611030929
0.0464062240196
0.0459526602285
0.0455004258212
0.0450495348858
0.0446000014965
0.0441518397141
0.0437050635852
0.0432596871426
0.0428157244048
0.0423731893763
0.0419320960469
0.0414924583922
0.0410542903732
0.040617605936
0.0401824190121
0.0397487435179
0.0393165933549
0.0388859824094
0.0384569245523
0.0380294336393
0.0376035235106
0.0371792079908
0.0367565008888
0.0363354159976
0.0359159670945
0.0354981679406
0.035082032281
0.0346675738446
0.0342548063438
0.0338437434749
0.0334343989173
0.0330267863342
0.0326209193717
0.0322168116592
0.0318144768095
0.0314139284178
0.0310151800628
0.0306182453055
0.0302231376899
0.0298298707425
0.0294384579724
0.0290489128711
0.0286612489123
0.0282754795521
0.0278916182286
0.0275096783623
0.0271296733552
0.0267516165916
0.0263755214372
0.0260014012399
0.0256292693287
0.0252591390145
0.0248910235896
0.0245249363276
0.0241608904834
0.0237988992931
0.0234389759739
0.0230811337241
0.0227253857231
0.0223717451308
0.0220202250882
0.021670838717
0.0213235991195
0.0209785193785
0.0206356125573
0.0202948916998
0.0199563698301
0.0196200599524
0.0192859750514
0.0189541280918
0.0186245320183
0.0182971997554
0.017972144208
0.0176493782602
0.0173289147764
0.0170107666003
0.0166949465554
0.0163814674448
0.0160703420509
0.0157615831356
0.0154552034401
0.015151215685
0.01484963257
0.014550466774
0.0142537309549
0.0139594377496
0.013667599774
0.0133782296231
0.0130913398703
0.012806943068
0.0125250517473
0.0122456784178
0.011968835568
0.0116945356645
0.0114227911526
0.0111536144559
0.0108870179764
0.0106230140943
0.0103616151681
0.0101028335343
0.0098466815078
0.00959317138123
0.00934231542536
0.00909412588886
0.00884861499829
0.00860579495802
0.00836567795018
0.00812827613462
0.00789360164885
0.00766166660796
0.00743248310462
0.00720606320899
0.00698241896865
0.00676156240861
0.0065435055312
0.00632826031604
0.00611583871999
0.0059062526771
0.00569951409857
0.00549563487267
0.00529462686473
0.00509650191704
0.00490127184887
0.00470894845635
0.00451954351248
0.00433306876703
0.00414953594655
0.00396895675427
0.0037913428701
0.00361670595053
0.00344505762864
0.00327640951401
0.00311077319271
0.00294816022722
0.00278858215642
0.0026320504955
0.00247857673597
0.00232817234557
0.00218084876827
0.00203661742417
0.00189548970951
0.0017574769966
0.00162259063377
0.00149084194535
0.00136224223162
0.00123680276876
0.0011145348088
0.000995449579623
0.000879558284857
0.000766872103885
0.000657402191786
0.000551159679292
0.000448155672751
0.000348401254086
0.000251907480754
0.000158685385705
6.87459773446e-05
-1.78997605088e-05
-0.000101240868662
-0.000181266412589
-0.000257965482465
-0.000331327193213
-0.000401340684537
-0.000467995120963
-0.000531279691879
-0.000591183611572
-0.000647696119268
-0.000700806479168
-0.000750503980491
-0.000796777937506
-0.000839617689576
-0.000879012601192
-0.000914952062015
-0.000947425486909
-0.000976422315983
-0.00100193201463
-0.00102394407355
-0.00104244800881
-0.00105743336187
-0.00106888969962
-0.00107680661443
-0.00108117372415
-0.00108198067219
-0.00107921712755
-0.00107287278484
-0.00106293736431
-0.00104940061193
-0.00103225229938
-0.00101148222411
-0.000987080209398
-0.000959036104325
-0.000927339783877
-0.000891981148948
-0.000852950126385
-0.000810236669027
-0.000763830755739
-0.000713722391453
-0.000659901607201
-0.000602358460156
-0.000541083033668
-0.0004760654373
-0.000407295806867
-0.000334764304477
-0.000258461118559
-0.000178376463912
-9.4500581734e-05
-6.8237396643e-06
8.46637681801e-05
0.000179971621166
0.000279109472108
0.000382086947227
0.000488913646114
0.000599599141693
0.00071415298018
0.000832584681045
0.000954903736976
0.00108111961384
0.00121124175063
0.00134527955946
0.00148324242549
0.0016251397069
0.00177098073486
0.00192077481347
0.00207453121975
0.00223225920356
0.00239396798761
0.00255966676737
0.00272936471106
0.00290307095961
0.0030807946266
0.00326254479823
0.00344833053329
0.0036381608631
0.00383204479148
0.0040299912947
0.00423200932146
0.00443810779282
0.00464829560216
0.00486258161517
0.00508097466977
0.00530348357608
0.00553011711639
0.00576088404509
0.00599579308866
0.00623485294561
0.00647807228641
0.00672545975349
0.00697702396119
0.00723277349567
0.00749271691491
0.00775686274867
0.0080252194984
0.00829779563723
0.00857459960993
0.00885563983282
0.00914092469377
0.00943046255214
0.00972426173872
0.0100223305557
0.0103246772766
0.0106313101462
0.0109422373807
0.0112574671673
0.0115770076643
0.0119008670014
0.0122290532792
0.0125615745691
0.0128984389137
0.0132396543265
0.0135852287918
0.0139351702646
0.0142894866708
0.0146481859069
0.0150112758401
0.0153787643082
0.0157506591196
0.0161269680529
0.0165076988576
0.0168928592531
0.0172824569295
0.0176764995471
0.0180749947362
0.0184779500974
0.0188853732016
0.0192972715895
0.0197136527719
0.0201345242295
0.0205598934129
0.0209897677426
0.0214241546087
0.0218630613712
0.0223064953597
0.0227544638734
0.0232069741809
0.0236640335205
0.0241256490997
0.0245918280956
0.0250625776543
0.0255379048914
0.0260178168916
0.0265023207086
0.0269914233653
0.0274851318535
0.027983453134
0.0284863941363
0.028993961759
0.0295061628691
0.0300230043025
0.0305444928636
0.0310706353254
0.0316014384292
0.0321369088851
0.032677053371
0.0332218785336
0.0337713909875
0.0343255973155
0.0348845040684
0.0354481177652
0.0360164448927
0.0365894919055
0.0371672652262
0.0377497712449
0.0383370163195
0.0389290067753
0.0395257489054
0.0401272489701
0.0407335131971
0.0413445477815
0.0419603588856
0.0425809526386
0.043206335137
0.0438365124444
0.044471490591
0.0451112755741
0.0457558733576
0.0464052898722
0.0470595310152
0.0477186026504
0.0483825106081
0.0490512606849
0.0497248586437
0.0504033102137
0.0510866210903
0.0517747969347
0.0524678433744
0.0531657660025
0.0538685703781
0.054576262026
0.0552888464367
0.0560063290661
0.0567287153357
0.0574560106324
0.0581882203085
0.0589253496813
0.0596674040335
0.0604143886126
0.0611663086314
0.0619231692672
0.0626849756625
0.0634517329241
0.0642234461237
0.0650001202976
0.0657817604462
0.0665683715346
0.067359958492
0.0681565262117
0.0689580795513
0.0697646233322
0.0705761623399
0.0713927013234
0.0722142449957
0.0730407980334
0.0738723650763
0.0747089507282
0.0755505595556
0.0763971960888
0.0772488648208
0.0781055702081
0.0789673166697
0.0798341085878
0.0807059503071
0.0815828461352
0.0824648003422
0.0833518171605
0.084243900785
0.0851410553729
0.0860432850435
0.0869505938782
0.0878629859203
0.0887804651751
0.0897030356094
0.090630701152
0.0915634656929
0.0925013330839
0.0934443071379
0.0943923916291
0.0953455902929
0.0963039068256
0.0972673448846
0.098235908088
0.0992096000147
0.100188424204
0.101172384156
0.102161483331
0.10315572515
0.104155112993
0.105159650202
0.106169340076
0.107184185878
0.108204190827
0.109229358103
0.110259690846
0.111295192154
0.112335865087
0.113381712661
0.114432737854
0.115488943599
0.116550332792
0.117616908286
0.118688672892
0.119765629381
0.12084778048
0.121935128877
0.123027677216
0.1241254281
0.125228384091
0.126336547707
0.127449921423
0.128568507675
0.129692308853
0.130821327306
0.131955565339
0.133095025216
0.134239709157
0.135389619337
0.136544757892
0.13770512691
0.138870728438
0.140041564479
0.141217636992
0.142398947892
0.143585499051
0.144777292296
0.145974329409
0.147176612129
0.148384142149
0.14959692112
0.150814950645
0.152038232284
0.153266767552
0.154500557918
0.155739604807
0.156983909598
0.158233473623
0.159488298171
0.160748384483
0.162013733755
0.163284347138
0.164560225736
0.165841370605
0.167127782758
0.168419463158
0.169716412724
0.171018632327
0.172326122791
0.173638884894
0.174956919364
0.176280226886
0.177608808094
0.178942663575
0.180281793871
0.181626199472
0.182975880823
0.184330838319
0.185691072309
0.187056583092
0.188427370919
0.189803435991
0.191184778463
0.192571398438
0.193963295972
0.195360471072
0.196762923694
0.198170653746
0.199583661085
0.20100194552
0.202425506809
0.203854344661
0.205288458734
0.206727848635
0.208172513922
0.209622454102
0.211077668632
0.212538156916
0.21400391831
0.215474952117
0.21695125759
0.218432833928
0.219919680283
0.22141179575
0.222909179377
0.224411830157
0.225919747033
0.227432928895
0.228951374579
0.230475082872
0.232004052505
0.233538282159
0.23507777046
0.236622515983
0.238172517247
0.239727772721
0.241288280819
0.2428540399
0.244425048272
0.246001304189
0.247582805847
0.249169551394
0.250761538919
0.252358766458
0.253961231993
0.255568933451
0.257181868704
0.25880003557
0.26042343181
0.262052055132
0.263685903187
0.26532497357
0.266969263824
0.268618771432
0.270273493822
0.271933428368
0.273598572386
0.275268923136
0.276944477821
0.278625233589
0.280311187531
0.282002336678
0.283698678009
0.285400208441
0.287106924838
0.288818824002
0.290535902682
0.292258157566
0.293985585286
0.295718182415
0.297455945468
0.299198870903
0.300946955117
0.302700194451
0.304458585186
0.306222123545
0.307990805691
0.309764627729
0.311543585704
0.313327675602
0.315116893349
0.316911234813
0.3187106958
0.320515272058
0.322324959273
0.324139753074
0.325959649026
0.327784642635
0.329614729349
0.331449904551
0.333290163566
0.335135501657
0.336985914026
0.338841395815
0.340701942103
0.342567547907
0.344438208186
0.346313917833
0.348194671681
0.350080464502
0.351971291003
0.353867145832
0.355768023572
0.357673918746
0.359584825811
0.361500739165
0.36342165314
0.365347562007
0.367278459972
0.36921434118
0.37115519971
0.373101029581
0.375051824744
0.377007579089
0.378968286441
0.380933940563
0.382904535152
0.384880063839
0.386860520195
0.388845897722
0.390836189861
0.392831389986
0.394831491408
0.39683648737
0.398846371052
0.400861135569
0.40288077397
0.404905279239
0.406934644293
0.408968861985
0.411007925101
0.413051826362
0.415100558423
0.417154113871
0.419212485228
0.421275664951
0.423343645428
0.425416418982
0.427493977868
0.429576314276
0.431663420327
0.433755288077
0.435851909513
0.437953276556
0.440059381058
0.442170214805
0.444285769516
0.44640603684
0.44853100836
0.450660675591
0.452795029979
0.454934062902
0.457077765672
0.459226129529
0.461379145647
0.463536805132
0.46569909902
0.467866018277
0.470037553804
0.47221369643
0.474394436917
0.476579765955
0.478769674168
0.480964152108
0.483163190261
0.485366779041
0.487574908792
0.48978756979
0.49200475224
0.494226446279
0.496452641972
0.498683329315
0.500918498235
0.503158138585
0.505402240153
0.507650792653
0.50990378573
0.512161208958
0.514423051841
0.516689303811
0.518959954231
0.521234992392
0.523514407515
0.525798188749
0.528086325174
0.530378805796
0.532675619551
0.534976755306
0.537282201853
0.539591947915
0.541905982143
0.544224293116
0.546546869342
0.548873699257
0.551204771226
0.553540073542
0.555879594425
0.558223322024
0.560571244416
0.562923349606
0.565279625527
0.567640060041
0.570004640935
0.572373355926
0.574746192659
0.577123138704
0.579504181562
0.581889308659
0.58427850735
0.586671764917
0.589069068568
0.591470405441
0.5938757626
0.596285127036
0.598698485668
0.601115825341
0.603537132829
0.605962394831
0.608391597975
0.610824728815
0.613261773833
0.615702719436
0.618147551961
0.620596257669
0.62304882275
0.625505233319
0.62796547542
0.630429535022
0.632897398022
0.635369050243
0.637844477435
0.640323665276
0.642806599368
0.645293265243
0.647783648357
0.650277734095
0.652775507765
0.655276954607
0.657782059782
0.660290808383
0.662803185425
0.665319175853
0.667838764537
0.670361936273
0.672888675787
0.675418967726
0.67795279667
0.680490147121
0.683031003509
0.685575350191
0.688123171451
0.690674451498
0.69322917447
0.695787324431
0.69834888537
0.700913841204
0.703482175777
0.70605387286
0.708628916149
0.71120728927
0.713788975772
0.716373959133
0.718962222759
0.72155374998
0.724148524054
0.726746528168
0.729347745434
0.73195215889
0.734559751504
0.737170506169
0.739784405706
0.742401432862
0.745021570313
0.747644800661
0.750271106436
0.752900470094
0.755532874021
0.758168300528
0.760806731854
0.763448150167
0.766092537561
0.768739876059
0.771390147609
0.774043334091
0.77669941731
0.779358378999
0.78202020082
0.784684864363
0.787352351145
0.790022642612
0.792695720138
0.795371565026
0.798050158508
0.800731481741
0.803415515814
0.806102241745
0.808791640477
0.811483692886
0.814178379775
0.816875681875
0.819575579848
0.822278054284
0.824983085702
0.827690654552
0.830400741212
0.833113325991
0.835828389125
0.838545910781
0.841265871059
0.843988249984
0.846713027514
0.849440183537
0.852169697871
0.854901550263
0.857635720392
0.860372187868
0.863110932231
0.865851932952
0.868595169432
0.871340621005
0.874088266935
0.876838086418
0.879590058582
0.882344162484
0.885100377116
0.887858681401
0.890619054192
0.893381474278
0.896145920376
0.898912371139
0.901680805151
0.904451200928
0.907223536921
0.909997791513
0.912773943021
0.915551969692
0.918331849711
0.921113561195
0.923897082194
0.926682390692
0.929469464609
0.932258281798
0.935048820046
0.937841057075
0.940634970544
0.943430538043
0.946227737101
0.949026545181
0.951826939679
0.954628897932
0.957432397207
0.960237414713
0.963043927591
0.965851912919
0.968661347714
0.971472208928
0.97428447345
0.977098118107
0.979913119663
0.98272945482
0.985547100217
0.988366032433
0.991186227984
0.994007663323
0.996830314845
0.999654158881
1.0024791717
1.00530532952
1.00813260848
1.01096098468
1.01379043415
1.01662093285
1.0194524567
1.02228498154
1.02511848318
1.02795293734
1.0307883197
1.03362460587
1.03646177141
1.03929979183
1.04213864256
1.04497829899
1.04781873646
1.05065993022
1.05350185549
1.05634448744
1.05918780116
1.0620317717
1.06487637405
1.06772158315
1.07056737387
1.07341372104
1.07626059943
1.07910798375
1.08195584867
1.0848041688
1.08765291869
1.09050207284
1.0933516057
1.09620149167
1.09905170509
1.10190222024
1.10475301138
1.10760405268
1.11045531829
1.11330678229
1.11615841871
1.11901020155
1.12186210472
1.12471410213
1.1275661676
1.13041827492
1.13327039783
1.13612251002
1.13897458513
1.14182659674
1.14467851841
1.14753032364
1.15038198587
1.1532334785
1.15608477491
1.15893584839
1.16178667221
1.16463721961
1.16748746374
1.17033737774
1.1731869347
1.17603610766
1.17888486962
1.18173319353
1.18458105231
1.18742841883
1.19027526592
1.19312156635
1.19596729287
1.1988124182
1.20165691498
1.20450075584
1.20734391335
1.21018636007
1.21302806849
1.21586901108
1.21870916025
1.2215484884
1.22438696786
1.22722457095
1.23006126995
1.23289703708
1.23573184454
1.2385656645
1.24139846908
1.24423023038
1.24706092045
1.2498905113
1.25271897494
1.2555462833
1.25837240832
1.26119732187
1.26402099581
1.26684340197
1.26966451212
1.27248429803
1.27530273143
1.27811978401
1.28093542743
1.28374963334
1.28656237333
1.28937361899
1.29218334186
1.29499151346
1.29779810529
1.30060308881
1.30340643545
1.30620811663
1.30900810373
1.3118063681
1.31460288109
1.31739761401
1.32019053812
1.3229816247
1.32577084498
1.32855817017
1.33134357146
1.33412702002
1.33690848699
1.3396879435
1.34246536066
1.34524070953
1.34801396119
1.35078508667
1.353554057
1.35632084318
1.3590854162
1.36184774703
1.3646078066
1.36736556587
1.37012099574
1.37287406711
1.37562475087
1.37837301788
1.381118839
1.38386218507
1.38660302691
1.38934133535
1.39207708116
1.39481023515
1.39754076809
1.40026865074
1.40299385385
1.40571634816
1.40843610441
1.41115309332
1.4138672856
1.41657865194
1.41928716306
1.42199278963
1.42469550234
1.42739527186
1.43009206885
1.43278586398
1.4354766279
1.43816433127
1.44084894473
1.44353043892
1.44620878449
1.44888395206
1.45155591228
1.45422463578
1.45689009318
1.45955225512
1.46221109222
1.46486657511
1.46751867443
1.47016736079
1.47281260485
1.47545437722
1.47809264855
1.48072738948
1.48335857064
1.48598616269
1.48861013628
1.49123046206
1.4938471107
1.49646005286
1.49906925922
1.50167470047
1.50427634729
1.50687417037
1.50946814044
1.51205822819
1.51464440437
1.51722663969
1.51980490492
1.5223791708
1.52494940811
1.52751558762
1.53007768014
1.53263565646
1.53518948741
1.53773914383
1.54028459657
1.54282581648
1.54536277446
1.5478954414
1.55042378821
1.55294778584
1.55546740522
1.55798261734
1.56049339317
1.56299970372
1.56550152003
1.56799881314
1.57049155412
1.57297971406
1.57546326408
1.57794217531
1.58041641891
1.58288596608
1.585350788
1.58781085592
1.5902661411
1.59271661482
1.59516224839
1.59760301314
1.60003888046
1.60246982172
1.60489580835
1.6073168118
1.60973280356
1.61214375513
1.61454963806
1.61695042392
1.61934608432
1.62173659089
1.62412191531
1.62650202928
1.62887690454
1.63124651286
1.63361082605
1.63596981595
1.63832345445
1.64067171346
1.64301456494
1.64535198088
1.6476839333
1.65001039429
1.65233133593
1.6546467304
1.65695654987
1.65926076657
1.66155935278
1.66385228081
1.66613952302
1.66842105181
1.67069683962
1.67296685894
1.6752310823
1.67748948228
1.67974203151
1.68198870266
1.68422946844
1.68646430162
1.68869317501
1.69091606148
1.69313293393
1.69534376534
1.6975485287
1.69974719708
1.7019397436
1.70412614142
1.70630636375
1.70848038388
1.71064817511
1.71280971084
1.71496496449
1.71711390955
1.71925651957
1.72139276814
1.72352262893
1.72564607563
1.72776308203
1.72987362195
1.73197766929
1.73407519798
1.73616618204
1.73825059554
1.74032841259
1.7423996074
1.74446415421
1.74652202735
1.74857320118
1.75061765014
1.75265534875
1.75468627158
1.75671039325
1.75872768847
1.76073813201
1.76274169869
1.76473836343
1.76672810118
1.76871088699
1.77068669597
1.77265550327
1.77461728416
1.77657201395
1.77851966801
1.78046022182
1.78239365089
1.78431993084
1.78623903733
1.78815094611
1.790055633
1.79195307391
1.7938432448
1.79572612171
1.79760168078
1.7994698982
1.80133075024
1.80318421326
1.80503026369
1.80686887805
1.80870003291
1.81052370495
1.81233987092
1.81414850764
1.81594959202
1.81774310106
1.81952901183
1.82130730148
1.82307794726
1.82484092647
1.82659621654
1.82834379494
1.83008363925
1.83181572714
1.83354003635
1.83525654471
1.83696523013
1.83866607063
1.84035904431
1.84204412933
1.84372130397
1.84539054659
1.84705183565
1.84870514967
1.85035046729
1.85198776723
1.8536170283
1.85523822941
1.85685134955
1.85845636782
1.86005326338
1.86164201553
1.86322260362
1.86479500713
1.86635920562
1.86791517873
1.86946290623
1.87100236796
1.87253354386
1.87405641398
1.87557095846
1.87707715753
1.87857499153
1.8800644409
1.88154548617
1.88301810798
1.88448228706
1.88593800424
1.88738524047
1.88882397678
1.89025419432
1.89167587432
1.89308899814
1.89449354722
1.89588950311
1.89727684748
1.89865556207
1.90002562877
1.90138702954
1.90273974646
1.90408376171
1.90541905758
1.90674561648
1.90806342089
1.90937245344
1.91067269685
1.91196413393
1.91324674764
1.91452052101
1.91578543719
1.91704147947
1.9182886312
1.91952687588
1.9207561971
1.92197657858
1.92318800413
1.92439045769
1.9255839233
1.92676838512
1.92794382742
1.92911023459
1.93026759112
1.93141588164
1.93255509085
1.93368520362
1.9348062049
1.93591807976
1.93702081339
1.9381143911
1.93919879831
1.94027402056
1.9413400435
1.94239685292
1.94344443471
1.94448277487
1.94551185954
1.94653167496
1.94754220751
1.94854344366
1.94953537004
1.95051797335
1.95149124046
1.95245515834
1.95340971406
1.95435489484
1.95529068802
1.95621708105
1.9571340615
1.95804161708
1.95893973561
1.95982840503
1.96070761341
1.96157734894
1.96243759994
1.96328835485
1.96412960223
1.96496133078
1.9657835293
1.96659618673
1.96739929215
1.96819283473
1.96897680381
1.96975118881
1.9705159793
1.971271165
1.9720167357
1.97275268137
1.97347899208
1.97419565804
1.97490266958
1.97560001715
1.97628769135
1.9769656829
1.97763398263
1.97829258153
1.97894147069
1.97958064135
1.98021008488
1.98082979276
1.98143975661
1.9820399682
1.9826304194
1.98321110221
1.9837820088
1.98434313143
1.9848944625
1.98543599455
1.98596772026
1.98648963242
1.98700172395
1.98750398793
1.98799641755
1.98847900614
1.98895174715
1.98941463417
1.98986766094
1.99031082131
1.99074410926
1.99116751893
1.99158104456
1.99198468056
1.99237842143
1.99276226184
1.99313619658
1.99350022057
1.99385432887
1.99419851668
1.99453277932
1.99485711226
1.99517151108
1.99547597151
1.99577048943
1.99605506083
1.99632968184
1.99659434873
1.99684905791
1.9970938059
1.9973285894
1.99755340519
1.99776825024
1.99797312161
1.99816801652
1.99835293233
1.99852786651
1.99869281669
1.99884778062
1.9989927562
1.99912774146
1.99925273455
1.99936773379
1.99947273759
1.99956774455
1.99965275335
1.99972776285
1.99979277203
1.99984778
1.99989278601
1.99992778945
1.99995278985
1.99996778686
1.99997278028
